WAVELENGTH (nm)	SPECTRAL IRRADIANCE (W.m-2.nm-1)
3.410E+2	0.00000000E+0
3.420E+2	0.00000000E+0
3.430E+2	0.00000000E+0
3.440E+2	0.00000000E+0
3.450E+2	0.00000000E+0
3.460E+2	0.00000000E+0
3.470E+2	0.00000000E+0
3.480E+2	0.00000000E+0
3.490E+2	0.00000000E+0
3.500E+2	6.09421630E-8
3.510E+2	6.92238946E-6
3.520E+2	1.72173467E-6
3.530E+2	8.49793408E-6
3.540E+2	9.08281285E-6
3.550E+2	5.00199994E-6
3.560E+2	9.28852686E-7
3.570E+2	5.70182702E-6
3.580E+2	5.15399966E-7
3.590E+2	0.00000000E+0
3.600E+2	3.26052428E-6
3.610E+2	1.43000667E-6
3.620E+2	3.84481023E-6
3.630E+2	1.90070781E-6
3.640E+2	3.38777593E-6
3.650E+2	6.65538217E-6
3.660E+2	3.20302049E-6
3.670E+2	4.27069399E-6
3.680E+2	0.00000000E+0
3.690E+2	2.14115666E-6
3.700E+2	0.00000000E+0
3.710E+2	1.18507517E-7
3.720E+2	6.55898921E-7
3.730E+2	1.87432720E-6
3.740E+2	3.80669174E-6
3.750E+2	4.32760496E-6
3.760E+2	8.52241765E-7
3.770E+2	0.00000000E+0
3.780E+2	0.00000000E+0
3.790E+2	7.40518419E-6
3.800E+2	6.50682082E-7
3.810E+2	2.72662825E-6
3.820E+2	4.73463695E-6
3.830E+2	3.78460682E-6
3.840E+2	2.01505873E-6
3.850E+2	0.00000000E+0
3.860E+2	5.30659219E-6
3.870E+2	0.00000000E+0
3.880E+2	3.07146860E-6
3.890E+2	2.60272833E-6
3.900E+2	2.13313531E-7
3.910E+2	6.52839957E-6
3.920E+2	6.27384154E-6
3.930E+2	3.94624218E-6
3.940E+2	1.04387577E-5
3.950E+2	5.37055775E-6
3.960E+2	7.00665692E-6
3.970E+2	8.51103546E-6
3.980E+2	1.67492540E-5
3.990E+2	1.13497573E-5
4.000E+2	1.34951322E-5
4.010E+2	1.54659709E-5
4.020E+2	2.58277392E-5
4.030E+2	3.06339298E-5
4.040E+2	3.64437691E-5
4.050E+2	2.81306680E-5
4.060E+2	4.82265880E-5
4.070E+2	5.58579796E-5
4.080E+2	6.03995570E-5
4.090E+2	6.95513698E-5
4.100E+2	8.24228093E-5
4.110E+2	8.98692676E-5
4.120E+2	9.36074587E-5
4.130E+2	1.01706186E-4
4.140E+2	1.16428520E-4
4.150E+2	1.20487178E-4
4.160E+2	1.51210544E-4
4.170E+2	1.60317845E-4
4.180E+2	1.66421368E-4
4.190E+2	1.82396859E-4
4.200E+2	1.85059711E-4
4.210E+2	1.92537224E-4
4.220E+2	1.85802488E-4
4.230E+2	1.90107358E-4
4.240E+2	1.78932178E-4
4.250E+2	1.73761816E-4
4.260E+2	1.62381401E-4
4.270E+2	1.57535275E-4
4.280E+2	1.43420445E-4
4.290E+2	1.41018405E-4
4.300E+2	1.27603600E-4
4.310E+2	1.21741510E-4
4.320E+2	1.24011683E-4
4.330E+2	1.05791384E-4
4.340E+2	1.04550841E-4
4.350E+2	1.07164778E-4
4.360E+2	9.71573260E-5
4.370E+2	1.07643008E-4
4.380E+2	9.33816458E-5
4.390E+2	8.58820591E-5
4.400E+2	8.05626939E-5
4.410E+2	8.65551203E-5
4.420E+2	8.21583990E-5
4.430E+2	7.88834053E-5
4.440E+2	7.61111913E-5
4.450E+2	6.50476373E-5
4.460E+2	4.64047119E-5
4.470E+2	5.54615181E-5
4.480E+2	4.29664776E-5
4.490E+2	3.98688222E-5
4.500E+2	3.87858790E-5
4.510E+2	3.84036999E-5
4.520E+2	2.26912653E-5
4.530E+2	3.17486871E-5
4.540E+2	3.21710048E-5
4.550E+2	2.47504027E-5
4.560E+2	2.71280637E-5
4.570E+2	1.63534218E-5
4.580E+2	2.38008651E-5
4.590E+2	2.51468642E-5
4.600E+2	2.54902590E-5
4.610E+2	2.92929651E-5
4.620E+2	2.56483511E-5
4.630E+2	3.29632507E-5
4.640E+2	3.10618360E-5
4.650E+2	2.99796315E-5
4.660E+2	3.12601899E-5
4.670E+2	3.13522256E-5
4.680E+2	3.20396308E-5
4.690E+2	3.09967646E-5
4.700E+2	4.89133775E-5
4.710E+2	5.08997482E-5
4.720E+2	4.16516062E-5
4.730E+2	6.12707258E-5
4.740E+2	6.75550101E-5
4.750E+2	7.41839820E-5
4.760E+2	8.94596933E-5
4.770E+2	1.10576021E-4
4.780E+2	1.13898591E-4
4.790E+2	1.46682387E-4
4.800E+2	1.55621363E-4
4.810E+2	1.85935647E-4
4.820E+2	2.28607095E-4
4.830E+2	2.83163462E-4
4.840E+2	3.17729304E-4
4.850E+2	3.79506380E-4
4.860E+2	4.60799089E-4
4.870E+2	5.49167098E-4
4.880E+2	6.34986715E-4
4.890E+2	7.00329438E-4
4.900E+2	8.20253936E-4
4.910E+2	9.74932944E-4
4.920E+2	1.19428662E-3
4.930E+2	1.51512083E-3
4.940E+2	1.82039317E-3
4.950E+2	1.97590223E-3
4.960E+2	2.15988637E-3
4.970E+2	2.50465964E-3
4.980E+2	2.88122777E-3
4.990E+2	3.24387520E-3
5.000E+2	3.72382590E-3
5.010E+2	4.10405039E-3
5.020E+2	4.62148290E-3
5.030E+2	5.01681129E-3
5.040E+2	5.45975041E-3
5.050E+2	6.01824475E-3
5.060E+2	6.55233874E-3
5.070E+2	7.00895652E-3
5.080E+2	7.51426703E-3
5.090E+2	7.80067132E-3
5.100E+2	8.11236985E-3
5.110E+2	8.39494508E-3
5.120E+2	8.59893847E-3
5.130E+2	8.81607129E-3
5.140E+2	9.00413763E-3
5.150E+2	9.18142014E-3
5.160E+2	9.29661455E-3
5.170E+2	9.40802646E-3
5.180E+2	9.53357165E-3
5.190E+2	9.60894326E-3
5.200E+2	9.67996147E-3
5.210E+2	9.72586238E-3
5.220E+2	9.78431281E-3
5.230E+2	9.83302361E-3
5.240E+2	9.89313986E-3
5.250E+2	9.91733421E-3
5.260E+2	9.91079778E-3
5.270E+2	9.91734695E-3
5.280E+2	9.94292929E-3
5.290E+2	9.93922238E-3
5.300E+2	9.95626240E-3
5.310E+2	9.91600046E-3
5.320E+2	9.92591546E-3
5.330E+2	9.97961943E-3
5.340E+2	9.93918051E-3
5.350E+2	9.94703488E-3
5.360E+2	9.91277494E-3
5.370E+2	9.93066687E-3
5.380E+2	9.91000087E-3
5.390E+2	9.88657162E-3
5.400E+2	9.90796942E-3
5.410E+2	9.85617531E-3
5.420E+2	9.87677217E-3
5.430E+2	9.89180680E-3
5.440E+2	9.86249143E-3
5.450E+2	9.88919875E-3
5.460E+2	9.86921916E-3
5.470E+2	9.87100513E-3
5.480E+2	9.88879981E-3
5.490E+2	9.88805438E-3
5.500E+2	9.80495646E-3
5.510E+2	9.85233036E-3
5.520E+2	9.86818996E-3
5.530E+2	9.86606113E-3
5.540E+2	9.89599562E-3
5.550E+2	9.83390254E-3
5.560E+2	9.82825894E-3
5.570E+2	9.80865038E-3
5.580E+2	9.83910693E-3
5.590E+2	9.79894319E-3
5.600E+2	9.76414825E-3
5.610E+2	9.78097844E-3
5.620E+2	9.74511584E-3
5.630E+2	9.73959671E-3
5.640E+2	9.70085995E-3
5.650E+2	9.65104663E-3
5.660E+2	9.62049174E-3
5.670E+2	9.58253827E-3
5.680E+2	9.56108892E-3
5.690E+2	9.50575206E-3
5.700E+2	9.41824357E-3
5.710E+2	9.37725587E-3
5.720E+2	9.29944008E-3
5.730E+2	9.27953021E-3
5.740E+2	9.21912546E-3
5.750E+2	9.16141219E-3
5.760E+2	9.11126620E-3
5.770E+2	9.03565634E-3
5.780E+2	8.94445909E-3
5.790E+2	8.87613038E-3
5.800E+2	8.80840918E-3
5.810E+2	8.76002913E-3
5.820E+2	8.69633536E-3
5.830E+2	8.61775025E-3
5.840E+2	8.49136739E-3
5.850E+2	8.45653918E-3
5.860E+2	8.39493362E-3
5.870E+2	8.26009200E-3
5.880E+2	8.17629001E-3
5.890E+2	8.08849243E-3
5.900E+2	8.03570894E-3
5.910E+2	7.97670589E-3
5.920E+2	7.92189235E-3
5.930E+2	7.89932179E-3
5.940E+2	7.68210090E-3
5.950E+2	7.56340513E-3
5.960E+2	7.49034305E-3
5.970E+2	7.51668017E-3
5.980E+2	7.29638907E-3
5.990E+2	7.27965035E-3
6.000E+2	7.05071421E-3
6.010E+2	7.02410896E-3
6.020E+2	6.85492864E-3
6.030E+2	6.75869478E-3
6.040E+2	6.63408337E-3
6.050E+2	6.41258170E-3
6.060E+2	6.30766486E-3
6.070E+2	6.23902356E-3
6.080E+2	6.06984285E-3
6.090E+2	5.89396782E-3
6.100E+2	5.71946551E-3
6.110E+2	5.62037153E-3
6.120E+2	5.39134561E-3
6.130E+2	5.25530556E-3
6.140E+2	5.07495352E-3
6.150E+2	4.88869432E-3
6.160E+2	4.78837020E-3
6.170E+2	4.60969188E-3
6.180E+2	4.52930769E-3
6.190E+2	4.31784511E-3
6.200E+2	4.14128354E-3
6.210E+2	4.00573015E-3
6.220E+2	3.90567847E-3
6.230E+2	3.74918435E-3
6.240E+2	3.65644063E-3
6.250E+2	3.56083627E-3
6.260E+2	3.45184532E-3
6.270E+2	3.37593700E-3
6.280E+2	3.23467633E-3
6.290E+2	3.04621388E-3
6.300E+2	2.98407937E-3
6.310E+2	2.90975154E-3
6.320E+2	2.81949038E-3
6.330E+2	2.77233426E-3
6.340E+2	2.61350679E-3
6.350E+2	2.58299836E-3
6.360E+2	2.55487745E-3
6.370E+2	2.41285935E-3
6.380E+2	2.39383476E-3
6.390E+2	2.31405048E-3
6.400E+2	2.27912795E-3
6.410E+2	2.18626228E-3
6.420E+2	2.07146476E-3
6.430E+2	2.03662177E-3
6.440E+2	1.98603028E-3
6.450E+2	1.93523937E-3
6.460E+2	1.85032374E-3
6.470E+2	1.82198450E-3
6.480E+2	1.75398665E-3
6.490E+2	1.72669486E-3
6.500E+2	1.71207699E-3
6.510E+2	1.63762837E-3
6.520E+2	1.55589806E-3
6.530E+2	1.49578792E-3
6.540E+2	1.48179211E-3
6.550E+2	1.42352030E-3
6.560E+2	1.37700545E-3
6.570E+2	1.34216233E-3
6.580E+2	1.31538595E-3
6.590E+2	1.27728116E-3
6.600E+2	1.19496860E-3
6.610E+2	1.19371441E-3
6.620E+2	1.13297484E-3
6.630E+2	1.10452050E-3
6.640E+2	1.07005409E-3
6.650E+2	1.04432699E-3
6.660E+2	9.82402754E-4
6.670E+2	9.63807806E-4
6.680E+2	9.50625799E-4
6.690E+2	9.11685752E-4
6.700E+2	8.53327876E-4
6.710E+2	8.31672100E-4
6.720E+2	7.95836492E-4
6.730E+2	7.74846026E-4
6.740E+2	7.38403357E-4
6.750E+2	7.14582219E-4
6.760E+2	6.84553316E-4
6.770E+2	6.65343846E-4
6.780E+2	6.26074906E-4
6.790E+2	6.03791895E-4
6.800E+2	5.90195524E-4
6.810E+2	5.72016227E-4
6.820E+2	5.44524170E-4
6.830E+2	5.13479221E-4
6.840E+2	4.83807743E-4
6.850E+2	4.79762209E-4
6.860E+2	4.46882182E-4
6.870E+2	4.29225593E-4
6.880E+2	4.15196149E-4
6.890E+2	3.98823536E-4
6.900E+2	3.85300794E-4
6.910E+2	3.68330105E-4
6.920E+2	3.64106623E-4
6.930E+2	3.42614459E-4
6.940E+2	3.40151242E-4
6.950E+2	3.29912835E-4
6.960E+2	3.17778179E-4
6.970E+2	3.05867471E-4
6.980E+2	2.82047725E-4
6.990E+2	2.91450886E-4
7.000E+2	2.61509461E-4
7.010E+2	2.71255851E-4
7.020E+2	2.67782367E-4
7.030E+2	2.53926519E-4
7.040E+2	2.46873819E-4
7.050E+2	2.50431490E-4
7.060E+2	2.35315924E-4
7.070E+2	2.24077407E-4
7.080E+2	2.08734411E-4
7.090E+2	2.16758426E-4
7.100E+2	1.93972788E-4
7.110E+2	1.92135345E-4
7.120E+2	1.83823668E-4
7.130E+2	1.81137339E-4
7.140E+2	1.66826326E-4
7.150E+2	1.86706184E-4
7.160E+2	1.64256494E-4
7.170E+2	1.54554643E-4
7.180E+2	1.50331091E-4
7.190E+2	1.68346568E-4
7.200E+2	1.50192599E-4
7.210E+2	1.41330324E-4
7.220E+2	1.49663085E-4
7.230E+2	1.40783349E-4
7.240E+2	1.35743866E-4
7.250E+2	1.29861584E-4
7.260E+2	1.26226434E-4
7.270E+2	1.20958512E-4
7.280E+2	1.24509107E-4
7.290E+2	1.03853789E-4
7.300E+2	1.12416124E-4
7.310E+2	9.62571721E-5
7.320E+2	8.60781968E-5
7.330E+2	9.06649218E-5
7.340E+2	9.46441384E-5
7.350E+2	9.53300045E-5
7.360E+2	9.16789152E-5
7.370E+2	1.03273013E-4
7.380E+2	8.40021913E-5
7.390E+2	8.01951142E-5
7.400E+2	6.75088831E-5
7.410E+2	6.95840883E-5
7.420E+2	7.63566068E-5
7.430E+2	6.90380582E-5
7.440E+2	5.89263533E-5
7.450E+2	6.53237444E-5
7.460E+2	6.37799454E-5
7.470E+2	6.31248549E-5
7.480E+2	4.79882185E-5
7.490E+2	5.27948834E-5
7.500E+2	4.70398125E-5
7.510E+2	5.39335070E-5
7.520E+2	4.87376002E-5
7.530E+2	4.43841293E-5
7.540E+2	4.66148857E-5
7.550E+2	3.87041801E-5
7.560E+2	3.25095586E-5
7.570E+2	3.60667933E-5
7.580E+2	3.65349749E-5
7.590E+2	3.48503213E-5
7.600E+2	4.06237613E-5
7.610E+2	3.99995191E-5
7.620E+2	3.26505587E-5
7.630E+2	4.13414215E-5
7.640E+2	2.42712350E-5
7.650E+2	2.36006475E-5
7.660E+2	2.72446276E-5
7.670E+2	2.96636232E-5
7.680E+2	3.02629415E-5
7.690E+2	2.57688342E-5
7.700E+2	3.01380930E-5
7.710E+2	2.10650872E-5
7.720E+2	1.85912130E-5
7.730E+2	2.84222273E-5
7.740E+2	1.69788542E-5
7.750E+2	1.40345361E-5
7.760E+2	1.97920426E-5
7.770E+2	1.67330445E-5
7.780E+2	2.00841351E-5
7.790E+2	1.71086742E-5
7.800E+2	2.33341441E-5
7.810E+2	2.28357690E-5
7.820E+2	2.73914274E-5
7.830E+2	1.91368793E-5
7.840E+2	1.83679645E-5
7.850E+2	1.62503776E-5
7.860E+2	1.01339682E-5
7.870E+2	1.95776529E-5
7.880E+2	1.67831973E-5
7.890E+2	1.64563657E-5
7.900E+2	1.39872935E-5
7.910E+2	1.72077430E-5
7.920E+2	1.59985119E-5
7.930E+2	7.23640759E-6
7.940E+2	1.25056520E-5
7.950E+2	1.37587096E-5
7.960E+2	1.41992614E-5
7.970E+2	1.21730277E-5
7.980E+2	1.98883258E-5
7.990E+2	3.51084786E-6
8.000E+2	2.34765370E-6
8.010E+2	1.20904051E-5
8.020E+2	1.35453696E-5
8.030E+2	2.90383140E-6
8.040E+2	5.91147450E-6
8.050E+2	8.28237531E-6
8.060E+2	9.91752401E-6
8.070E+2	1.51315851E-5
8.080E+2	4.01557702E-6
8.090E+2	1.16498533E-5
8.100E+2	2.67463771E-6
8.110E+2	9.13192397E-6
8.120E+2	7.84068014E-6
8.130E+2	1.52398328E-5
8.140E+2	4.09781845E-6
8.150E+2	7.82383550E-6
8.160E+2	1.00317779E-5
8.170E+2	4.88227519E-6
8.180E+2	6.68045856E-6
8.190E+2	1.34152620E-5
8.200E+2	9.60669865E-6
8.210E+2	3.61900411E-6
8.220E+2	5.12747508E-6
8.230E+2	0.00000000E+0
8.240E+2	1.16357144E-5
8.250E+2	8.09594108E-7
8.260E+2	2.92806937E-6
8.270E+2	4.49019926E-6
8.280E+2	6.45130299E-6
8.290E+2	7.41279603E-6
8.300E+2	9.19796864E-6
8.310E+2	5.55263051E-7
8.320E+2	9.43774167E-6
8.330E+2	1.17261495E-6
8.340E+2	1.16013011E-5
8.350E+2	0.00000000E+0
8.360E+2	0.00000000E+0
8.370E+2	0.00000000E+0
8.380E+2	0.00000000E+0
8.390E+2	0.00000000E+0
8.400E+2	0.00000000E+0
8.410E+2	0.00000000E+0
8.420E+2	0.00000000E+0
8.430E+2	0.00000000E+0
8.440E+2	0.00000000E+0
8.450E+2	0.00000000E+0
8.460E+2	0.00000000E+0
8.470E+2	0.00000000E+0
8.480E+2	0.00000000E+0
8.490E+2	0.00000000E+0
8.500E+2	0.00000000E+0
8.510E+2	0.00000000E+0
8.520E+2	0.00000000E+0
8.530E+2	0.00000000E+0
8.540E+2	0.00000000E+0
8.550E+2	0.00000000E+0
8.560E+2	0.00000000E+0
8.570E+2	0.00000000E+0
8.580E+2	0.00000000E+0
8.590E+2	0.00000000E+0
8.600E+2	0.00000000E+0
8.610E+2	0.00000000E+0
8.620E+2	0.00000000E+0
8.630E+2	0.00000000E+0
8.640E+2	0.00000000E+0
8.650E+2	0.00000000E+0
8.660E+2	0.00000000E+0
8.670E+2	0.00000000E+0
8.680E+2	0.00000000E+0
8.690E+2	0.00000000E+0
8.700E+2	0.00000000E+0
8.710E+2	0.00000000E+0
8.720E+2	0.00000000E+0
8.730E+2	0.00000000E+0
8.740E+2	0.00000000E+0
8.750E+2	0.00000000E+0
8.760E+2	0.00000000E+0
8.770E+2	0.00000000E+0
8.780E+2	0.00000000E+0
8.790E+2	0.00000000E+0
8.800E+2	0.00000000E+0
8.810E+2	0.00000000E+0
8.820E+2	0.00000000E+0
8.830E+2	0.00000000E+0
8.840E+2	0.00000000E+0
8.850E+2	0.00000000E+0
8.860E+2	0.00000000E+0
8.870E+2	0.00000000E+0
8.880E+2	0.00000000E+0
8.890E+2	0.00000000E+0
8.900E+2	0.00000000E+0
8.910E+2	0.00000000E+0
8.920E+2	0.00000000E+0
8.930E+2	0.00000000E+0
8.940E+2	0.00000000E+0
8.950E+2	0.00000000E+0
8.960E+2	0.00000000E+0
8.970E+2	0.00000000E+0
8.980E+2	0.00000000E+0
8.990E+2	0.00000000E+0
9.000E+2	0.00000000E+0
9.010E+2	0.00000000E+0
9.020E+2	0.00000000E+0
9.030E+2	0.00000000E+0
9.040E+2	0.00000000E+0
9.050E+2	0.00000000E+0
9.060E+2	0.00000000E+0
9.070E+2	0.00000000E+0
9.080E+2	0.00000000E+0
9.090E+2	0.00000000E+0
9.100E+2	0.00000000E+0
9.110E+2	0.00000000E+0
9.120E+2	0.00000000E+0
9.130E+2	0.00000000E+0
9.140E+2	0.00000000E+0
9.150E+2	0.00000000E+0
9.160E+2	0.00000000E+0
9.170E+2	0.00000000E+0
9.180E+2	0.00000000E+0
9.190E+2	0.00000000E+0
9.200E+2	0.00000000E+0
9.210E+2	0.00000000E+0
9.220E+2	0.00000000E+0
9.230E+2	0.00000000E+0
9.240E+2	0.00000000E+0
9.250E+2	0.00000000E+0
9.260E+2	0.00000000E+0
9.270E+2	0.00000000E+0
9.280E+2	0.00000000E+0
9.290E+2	0.00000000E+0
9.300E+2	0.00000000E+0
9.310E+2	0.00000000E+0
9.320E+2	0.00000000E+0
9.330E+2	0.00000000E+0
9.340E+2	0.00000000E+0
9.350E+2	0.00000000E+0
9.360E+2	0.00000000E+0
9.370E+2	0.00000000E+0
9.380E+2	0.00000000E+0
9.390E+2	0.00000000E+0
9.400E+2	0.00000000E+0
9.410E+2	0.00000000E+0
9.420E+2	0.00000000E+0
9.430E+2	0.00000000E+0
9.440E+2	0.00000000E+0
9.450E+2	0.00000000E+0
9.460E+2	0.00000000E+0
9.470E+2	0.00000000E+0
9.480E+2	0.00000000E+0
9.490E+2	0.00000000E+0
9.500E+2	0.00000000E+0
9.510E+2	0.00000000E+0
9.520E+2	0.00000000E+0
9.530E+2	0.00000000E+0
9.540E+2	0.00000000E+0
9.550E+2	0.00000000E+0
9.560E+2	0.00000000E+0
9.570E+2	0.00000000E+0
9.580E+2	0.00000000E+0
9.590E+2	0.00000000E+0
9.600E+2	0.00000000E+0
9.610E+2	0.00000000E+0
9.620E+2	0.00000000E+0
9.630E+2	0.00000000E+0
9.640E+2	0.00000000E+0
9.650E+2	0.00000000E+0
9.660E+2	0.00000000E+0
9.670E+2	0.00000000E+0
9.680E+2	0.00000000E+0
9.690E+2	0.00000000E+0
9.700E+2	0.00000000E+0
9.710E+2	0.00000000E+0
9.720E+2	0.00000000E+0
9.730E+2	0.00000000E+0
9.740E+2	0.00000000E+0
9.750E+2	0.00000000E+0
9.760E+2	0.00000000E+0
9.770E+2	0.00000000E+0
9.780E+2	0.00000000E+0
9.790E+2	0.00000000E+0
9.800E+2	0.00000000E+0
9.810E+2	0.00000000E+0
9.820E+2	0.00000000E+0
9.830E+2	0.00000000E+0
9.840E+2	0.00000000E+0
9.850E+2	0.00000000E+0
9.860E+2	0.00000000E+0
9.870E+2	0.00000000E+0
9.880E+2	0.00000000E+0
9.890E+2	0.00000000E+0
9.900E+2	0.00000000E+0
9.910E+2	0.00000000E+0
9.920E+2	0.00000000E+0
9.930E+2	0.00000000E+0
9.940E+2	0.00000000E+0
9.950E+2	0.00000000E+0
9.960E+2	0.00000000E+0
9.970E+2	0.00000000E+0
9.980E+2	0.00000000E+0
9.990E+2	0.00000000E+0
1.000E+3	0.00000000E+0
1.001E+3	0.00000000E+0
1.002E+3	0.00000000E+0
1.003E+3	0.00000000E+0
1.004E+3	0.00000000E+0
1.005E+3	0.00000000E+0
1.006E+3	0.00000000E+0
1.007E+3	0.00000000E+0
1.008E+3	0.00000000E+0
1.009E+3	0.00000000E+0
1.010E+3	0.00000000E+0
1.011E+3	0.00000000E+0
1.012E+3	0.00000000E+0
1.013E+3	0.00000000E+0
1.014E+3	0.00000000E+0
1.015E+3	0.00000000E+0
1.016E+3	0.00000000E+0
1.017E+3	0.00000000E+0
1.018E+3	0.00000000E+0
1.019E+3	0.00000000E+0
