WAVELENGTH (nm)	SPECTRAL IRRADIANCE (W.m-2.nm-1)
3.410E+2	0.00000000E+0
3.420E+2	0.00000000E+0
3.430E+2	0.00000000E+0
3.440E+2	0.00000000E+0
3.450E+2	0.00000000E+0
3.460E+2	0.00000000E+0
3.470E+2	0.00000000E+0
3.480E+2	0.00000000E+0
3.490E+2	0.00000000E+0
3.500E+2	0.00000000E+0
3.510E+2	0.00000000E+0
3.520E+2	2.09792354E-6
3.530E+2	1.38513298E-6
3.540E+2	2.96867221E-8
3.550E+2	0.00000000E+0
3.560E+2	5.39190799E-6
3.570E+2	0.00000000E+0
3.580E+2	3.47643885E-7
3.590E+2	0.00000000E+0
3.600E+2	0.00000000E+0
3.610E+2	1.90489800E-6
3.620E+2	0.00000000E+0
3.630E+2	0.00000000E+0
3.640E+2	2.68465021E-7
3.650E+2	0.00000000E+0
3.660E+2	0.00000000E+0
3.670E+2	0.00000000E+0
3.680E+2	0.00000000E+0
3.690E+2	0.00000000E+0
3.700E+2	0.00000000E+0
3.710E+2	7.94412402E-7
3.720E+2	0.00000000E+0
3.730E+2	0.00000000E+0
3.740E+2	0.00000000E+0
3.750E+2	0.00000000E+0
3.760E+2	0.00000000E+0
3.770E+2	0.00000000E+0
3.780E+2	0.00000000E+0
3.790E+2	0.00000000E+0
3.800E+2	2.51842359E-7
3.810E+2	0.00000000E+0
3.820E+2	0.00000000E+0
3.830E+2	0.00000000E+0
3.840E+2	0.00000000E+0
3.850E+2	0.00000000E+0
3.860E+2	0.00000000E+0
3.870E+2	0.00000000E+0
3.880E+2	0.00000000E+0
3.890E+2	0.00000000E+0
3.900E+2	0.00000000E+0
3.910E+2	0.00000000E+0
3.920E+2	0.00000000E+0
3.930E+2	2.42348793E-6
3.940E+2	3.02941581E-6
3.950E+2	2.51842359E-7
3.960E+2	0.00000000E+0
3.970E+2	5.05973070E-7
3.980E+2	1.18746888E-7
3.990E+2	7.94412402E-7
4.000E+2	3.39795458E-6
4.010E+2	1.57462085E-5
4.020E+2	2.00575246E-5
4.030E+2	1.98180517E-5
4.040E+2	2.09730507E-5
4.050E+2	2.91659628E-5
4.060E+2	4.04339149E-5
4.070E+2	4.63294839E-5
4.080E+2	4.75413016E-5
4.090E+2	5.16257045E-5
4.100E+2	7.36990431E-5
4.110E+2	7.90570397E-5
4.120E+2	8.53445019E-5
4.130E+2	9.47750458E-5
4.140E+2	1.15202108E-4
4.150E+2	1.21812342E-4
4.160E+2	1.38231547E-4
4.170E+2	1.40616169E-4
4.180E+2	1.75753002E-4
4.190E+2	1.66483444E-4
4.200E+2	1.80594845E-4
4.210E+2	1.81677087E-4
4.220E+2	1.87365399E-4
4.230E+2	1.99749151E-4
4.240E+2	1.75474875E-4
4.250E+2	1.68383766E-4
4.260E+2	1.46138227E-4
4.270E+2	1.60023071E-4
4.280E+2	1.43521015E-4
4.290E+2	1.28851392E-4
4.300E+2	1.26247667E-4
4.310E+2	1.12253510E-4
4.320E+2	1.08644583E-4
4.330E+2	1.03712790E-4
4.340E+2	1.02886200E-4
4.350E+2	9.52700148E-5
4.360E+2	9.26381585E-5
4.370E+2	8.73077220E-5
4.380E+2	7.97595446E-5
4.390E+2	8.46219728E-5
4.400E+2	9.33161908E-5
4.410E+2	7.77343678E-5
4.420E+2	6.89738019E-5
4.430E+2	7.00761783E-5
4.440E+2	5.40981422E-5
4.450E+2	5.77755992E-5
4.460E+2	4.82847827E-5
4.470E+2	4.48958293E-5
4.480E+2	3.31362574E-5
4.490E+2	3.35878642E-5
4.500E+2	3.38079670E-5
4.510E+2	2.27333996E-5
4.520E+2	2.33251145E-5
4.530E+2	2.17004515E-5
4.540E+2	1.69898538E-5
4.550E+2	2.52810555E-5
4.560E+2	3.06807991E-5
4.570E+2	2.03506762E-5
4.580E+2	2.77333358E-5
4.590E+2	1.65207465E-5
4.600E+2	2.25546584E-5
4.610E+2	1.93037910E-5
4.620E+2	1.45642916E-5
4.630E+2	1.83937075E-5
4.640E+2	1.40281323E-5
4.650E+2	1.77048827E-5
4.660E+2	2.52544017E-5
4.670E+2	2.59148385E-5
4.680E+2	2.36838813E-5
4.690E+2	2.21825967E-5
4.700E+2	3.38621738E-5
4.710E+2	4.40741619E-5
4.720E+2	4.68517704E-5
4.730E+2	5.64391187E-5
4.740E+2	7.18940976E-5
4.750E+2	7.42364870E-5
4.760E+2	8.26660317E-5
4.770E+2	9.63478929E-5
4.780E+2	1.28480422E-4
4.790E+2	1.46882672E-4
4.800E+2	1.68122044E-4
4.810E+2	2.02490127E-4
4.820E+2	2.28868357E-4
4.830E+2	2.76912805E-4
4.840E+2	3.34462329E-4
4.850E+2	3.95194640E-4
4.860E+2	4.79038706E-4
4.870E+2	5.61643980E-4
4.880E+2	6.58462532E-4
4.890E+2	7.12102182E-4
4.900E+2	8.15851325E-4
4.910E+2	9.56316421E-4
4.920E+2	1.23599972E-3
4.930E+2	1.56139362E-3
4.940E+2	1.84124840E-3
4.950E+2	2.03355960E-3
4.960E+2	2.26916500E-3
4.970E+2	2.51888224E-3
4.980E+2	2.92054522E-3
4.990E+2	3.34074046E-3
5.000E+2	3.81933849E-3
5.010E+2	4.20475079E-3
5.020E+2	4.75239515E-3
5.030E+2	5.21259815E-3
5.040E+2	5.68715567E-3
5.050E+2	6.21609483E-3
5.060E+2	6.73467497E-3
5.070E+2	7.21160051E-3
5.080E+2	7.71315495E-3
5.090E+2	8.07120893E-3
5.100E+2	8.42992265E-3
5.110E+2	8.64204829E-3
5.120E+2	8.95823917E-3
5.130E+2	9.14799270E-3
5.140E+2	9.34281020E-3
5.150E+2	9.52373438E-3
5.160E+2	9.65058544E-3
5.170E+2	9.77382809E-3
5.180E+2	9.86592213E-3
5.190E+2	9.97262133E-3
5.200E+2	1.00649340E-2
5.210E+2	1.01381595E-2
5.220E+2	1.01951452E-2
5.230E+2	1.02569089E-2
5.240E+2	1.02885259E-2
5.250E+2	1.03438358E-2
5.260E+2	1.03059446E-2
5.270E+2	1.03199420E-2
5.280E+2	1.03744217E-2
5.290E+2	1.03394091E-2
5.300E+2	1.03556110E-2
5.310E+2	1.03629453E-2
5.320E+2	1.03456985E-2
5.330E+2	1.03704384E-2
5.340E+2	1.03491225E-2
5.350E+2	1.03821714E-2
5.360E+2	1.02886692E-2
5.370E+2	1.03058450E-2
5.380E+2	1.02894285E-2
5.390E+2	1.02544720E-2
5.400E+2	1.03124781E-2
5.410E+2	1.02268835E-2
5.420E+2	1.02662928E-2
5.430E+2	1.02852021E-2
5.440E+2	1.02753178E-2
5.450E+2	1.02206664E-2
5.460E+2	1.02814773E-2
5.470E+2	1.02797587E-2
5.480E+2	1.02754037E-2
5.490E+2	1.02681017E-2
5.500E+2	1.02238896E-2
5.510E+2	1.02521108E-2
5.520E+2	1.02614939E-2
5.530E+2	1.02735267E-2
5.540E+2	1.02546888E-2
5.550E+2	1.02434440E-2
5.560E+2	1.02361515E-2
5.570E+2	1.02125289E-2
5.580E+2	1.02217115E-2
5.590E+2	1.01960119E-2
5.600E+2	1.01679915E-2
5.610E+2	1.01621827E-2
5.620E+2	1.01102742E-2
5.630E+2	1.01316335E-2
5.640E+2	1.00953624E-2
5.650E+2	1.00647243E-2
5.660E+2	9.99948199E-3
5.670E+2	1.00039655E-2
5.680E+2	9.95484428E-3
5.690E+2	9.91345688E-3
5.700E+2	9.80786736E-3
5.710E+2	9.77431462E-3
5.720E+2	9.72307247E-3
5.730E+2	9.65875171E-3
5.740E+2	9.58074950E-3
5.750E+2	9.53829525E-3
5.760E+2	9.48302122E-3
5.770E+2	9.37195688E-3
5.780E+2	9.32870798E-3
5.790E+2	9.30062775E-3
5.800E+2	9.11195012E-3
5.810E+2	9.10574240E-3
5.820E+2	8.99912387E-3
5.830E+2	8.94283822E-3
5.840E+2	8.86849051E-3
5.850E+2	8.78919592E-3
5.860E+2	8.68340509E-3
5.870E+2	8.59765351E-3
5.880E+2	8.51923623E-3
5.890E+2	8.49326435E-3
5.900E+2	8.43441504E-3
5.910E+2	8.32887921E-3
5.920E+2	8.25940907E-3
5.930E+2	8.13074844E-3
5.940E+2	7.95204950E-3
5.950E+2	7.92061265E-3
5.960E+2	7.85874533E-3
5.970E+2	7.72625173E-3
5.980E+2	7.58333839E-3
5.990E+2	7.58593481E-3
6.000E+2	7.35469875E-3
6.010E+2	7.31427489E-3
6.020E+2	7.19493692E-3
6.030E+2	7.01864858E-3
6.040E+2	6.85447277E-3
6.050E+2	6.71202514E-3
6.060E+2	6.55948936E-3
6.070E+2	6.42623260E-3
6.080E+2	6.26246020E-3
6.090E+2	6.15628775E-3
6.100E+2	6.00366194E-3
6.110E+2	5.79824265E-3
6.120E+2	5.61195216E-3
6.130E+2	5.46456370E-3
6.140E+2	5.40506887E-3
6.150E+2	5.15795502E-3
6.160E+2	4.98976656E-3
6.170E+2	4.88211599E-3
6.180E+2	4.69984079E-3
6.190E+2	4.52900948E-3
6.200E+2	4.43147746E-3
6.210E+2	4.23656177E-3
6.220E+2	4.12216733E-3
6.230E+2	3.98452450E-3
6.240E+2	3.81772253E-3
6.250E+2	3.72841251E-3
6.260E+2	3.57305588E-3
6.270E+2	3.39955562E-3
6.280E+2	3.39097474E-3
6.290E+2	3.21811396E-3
6.300E+2	3.16785564E-3
6.310E+2	3.04085284E-3
6.320E+2	2.99544372E-3
6.330E+2	2.92802434E-3
6.340E+2	2.76426656E-3
6.350E+2	2.66712307E-3
6.360E+2	2.62583373E-3
6.370E+2	2.56308423E-3
6.380E+2	2.47916228E-3
6.390E+2	2.39577497E-3
6.400E+2	2.39348393E-3
6.410E+2	2.31793277E-3
6.420E+2	2.22696017E-3
6.430E+2	2.09849325E-3
6.440E+2	2.07485605E-3
6.450E+2	2.01239183E-3
6.460E+2	1.97293987E-3
6.470E+2	1.91472546E-3
6.480E+2	1.84729042E-3
6.490E+2	1.79151134E-3
6.500E+2	1.72615197E-3
6.510E+2	1.68487738E-3
6.520E+2	1.65952369E-3
6.530E+2	1.58813090E-3
6.540E+2	1.52726677E-3
6.550E+2	1.47363571E-3
6.560E+2	1.44767203E-3
6.570E+2	1.40684393E-3
6.580E+2	1.34058942E-3
6.590E+2	1.31605766E-3
6.600E+2	1.25707401E-3
6.610E+2	1.20886601E-3
6.620E+2	1.18875478E-3
6.630E+2	1.14513322E-3
6.640E+2	1.09556529E-3
6.650E+2	1.07151243E-3
6.660E+2	1.05788637E-3
6.670E+2	1.03378620E-3
6.680E+2	9.77666010E-4
6.690E+2	9.18339161E-4
6.700E+2	9.21749343E-4
6.710E+2	8.72513350E-4
6.720E+2	8.40561974E-4
6.730E+2	7.91477559E-4
6.740E+2	7.55388171E-4
6.750E+2	7.28605795E-4
6.760E+2	7.07180242E-4
6.770E+2	6.72270060E-4
6.780E+2	6.48164722E-4
6.790E+2	6.14983585E-4
6.800E+2	6.23267414E-4
6.810E+2	5.87904914E-4
6.820E+2	5.40366460E-4
6.830E+2	5.24219828E-4
6.840E+2	5.07574338E-4
6.850E+2	4.78533487E-4
6.860E+2	4.79094712E-4
6.870E+2	4.43451671E-4
6.880E+2	4.33143296E-4
6.890E+2	4.27164842E-4
6.900E+2	3.97533363E-4
6.910E+2	4.03792720E-4
6.920E+2	3.60395854E-4
6.930E+2	3.76449482E-4
6.940E+2	3.56144272E-4
6.950E+2	3.27446691E-4
6.960E+2	3.23243244E-4
6.970E+2	3.10319477E-4
6.980E+2	3.08107542E-4
6.990E+2	2.95744490E-4
7.000E+2	2.67795014E-4
7.010E+2	2.73353748E-4
7.020E+2	2.71391780E-4
7.030E+2	2.63675121E-4
7.040E+2	2.51190505E-4
7.050E+2	2.71000952E-4
7.060E+2	2.35826359E-4
7.070E+2	2.35515254E-4
7.080E+2	2.16704948E-4
7.090E+2	2.11892504E-4
7.100E+2	2.05463691E-4
7.110E+2	2.11794892E-4
7.120E+2	1.87572399E-4
7.130E+2	1.88396956E-4
7.140E+2	1.81190429E-4
7.150E+2	1.77885892E-4
7.160E+2	1.72156811E-4
7.170E+2	1.57348404E-4
7.180E+2	1.56679146E-4
7.190E+2	1.69618451E-4
7.200E+2	1.53483507E-4
7.210E+2	1.26379564E-4
7.220E+2	1.39093333E-4
7.230E+2	1.40476751E-4
7.240E+2	1.29537000E-4
7.250E+2	1.29732831E-4
7.260E+2	1.24773075E-4
7.270E+2	1.13935784E-4
7.280E+2	9.96982514E-5
7.290E+2	1.03565623E-4
7.300E+2	1.15668814E-4
7.310E+2	1.12550511E-4
7.320E+2	1.07349930E-4
7.330E+2	9.15919798E-5
7.340E+2	8.71310523E-5
7.350E+2	8.82054670E-5
7.360E+2	9.33495266E-5
7.370E+2	9.50265396E-5
7.380E+2	7.85363414E-5
7.390E+2	7.83726174E-5
7.400E+2	6.52683248E-5
7.410E+2	7.74940338E-5
7.420E+2	6.39498042E-5
7.430E+2	7.15844111E-5
7.440E+2	6.27449113E-5
7.450E+2	5.98968582E-5
7.460E+2	5.36298056E-5
7.470E+2	4.39269029E-5
7.480E+2	5.35646804E-5
7.490E+2	4.46763746E-5
7.500E+2	4.48297865E-5
7.510E+2	3.96134559E-5
7.520E+2	3.55435076E-5
7.530E+2	2.57429170E-5
7.540E+2	4.28850508E-5
7.550E+2	3.62105480E-5
7.560E+2	3.07243152E-5
7.570E+2	3.66342416E-5
7.580E+2	3.67648716E-5
7.590E+2	2.93083345E-5
7.600E+2	3.30046856E-5
7.610E+2	3.16528433E-5
7.620E+2	2.96996173E-5
7.630E+2	2.99922255E-5
7.640E+2	1.84996688E-5
7.650E+2	2.08109320E-5
7.660E+2	2.20617140E-5
7.670E+2	2.23526704E-5
7.680E+2	2.19506997E-5
7.690E+2	2.30576771E-5
7.700E+2	2.00619157E-5
7.710E+2	1.30059650E-5
7.720E+2	1.77184695E-5
7.730E+2	1.53094426E-5
7.740E+2	1.31597528E-5
7.750E+2	1.58952662E-5
7.760E+2	1.80431090E-5
7.770E+2	9.88615557E-6
7.780E+2	1.24441703E-5
7.790E+2	1.74957685E-7
7.800E+2	4.50001791E-6
7.810E+2	7.65806105E-6
7.820E+2	9.93744468E-6
7.830E+2	1.46416431E-5
7.840E+2	3.04744805E-6
7.850E+2	3.22954428E-6
7.860E+2	7.72318630E-6
7.870E+2	4.26677715E-6
7.880E+2	9.44212702E-6
7.890E+2	1.02858131E-5
7.900E+2	6.21878515E-6
7.910E+2	8.74348183E-6
7.920E+2	4.45396253E-6
7.930E+2	5.96703114E-7
7.940E+2	7.78755251E-6
7.950E+2	4.46096012E-7
7.960E+2	6.60794627E-7
7.970E+2	5.29804616E-6
7.980E+2	9.37421865E-6
7.990E+2	8.14566546E-6
8.000E+2	5.63830371E-6
8.010E+2	5.33215939E-6
8.020E+2	6.81596537E-6
8.030E+2	1.44325180E-6
8.040E+2	3.40519955E-6
8.050E+2	6.39324765E-6
8.060E+2	4.89830915E-7
8.070E+2	8.81695646E-7
8.080E+2	3.42181882E-6
8.090E+2	3.11591305E-6
8.100E+2	0.00000000E+0
8.110E+2	9.45970050E-6
8.120E+2	6.30386941E-6
8.130E+2	5.59976928E-6
8.140E+2	6.90375325E-7
8.150E+2	2.29011856E-7
8.160E+2	2.64158815E-6
8.170E+2	1.27864953E-6
8.180E+2	2.08178139E-7
8.190E+2	0.00000000E+0
8.200E+2	0.00000000E+0
8.210E+2	5.19165107E-6
8.220E+2	6.24534416E-7
8.230E+2	0.00000000E+0
8.240E+2	1.69910099E-6
8.250E+2	1.19830454E-6
8.260E+2	0.00000000E+0
8.270E+2	0.00000000E+0
8.280E+2	9.93660974E-6
8.290E+2	2.68516401E-6
8.300E+2	1.44010289E-6
8.310E+2	0.00000000E+0
8.320E+2	6.92381564E-6
8.330E+2	3.14104074E-6
8.340E+2	4.92280069E-6
8.350E+2	0.00000000E+0
8.360E+2	0.00000000E+0
8.370E+2	0.00000000E+0
8.380E+2	0.00000000E+0
8.390E+2	0.00000000E+0
8.400E+2	0.00000000E+0
8.410E+2	0.00000000E+0
8.420E+2	0.00000000E+0
8.430E+2	0.00000000E+0
8.440E+2	0.00000000E+0
8.450E+2	0.00000000E+0
8.460E+2	0.00000000E+0
8.470E+2	0.00000000E+0
8.480E+2	0.00000000E+0
8.490E+2	0.00000000E+0
8.500E+2	0.00000000E+0
8.510E+2	0.00000000E+0
8.520E+2	0.00000000E+0
8.530E+2	0.00000000E+0
8.540E+2	0.00000000E+0
8.550E+2	0.00000000E+0
8.560E+2	0.00000000E+0
8.570E+2	0.00000000E+0
8.580E+2	0.00000000E+0
8.590E+2	0.00000000E+0
8.600E+2	0.00000000E+0
8.610E+2	0.00000000E+0
8.620E+2	0.00000000E+0
8.630E+2	0.00000000E+0
8.640E+2	0.00000000E+0
8.650E+2	0.00000000E+0
8.660E+2	0.00000000E+0
8.670E+2	0.00000000E+0
8.680E+2	0.00000000E+0
8.690E+2	0.00000000E+0
8.700E+2	0.00000000E+0
8.710E+2	0.00000000E+0
8.720E+2	0.00000000E+0
8.730E+2	0.00000000E+0
8.740E+2	0.00000000E+0
8.750E+2	0.00000000E+0
8.760E+2	0.00000000E+0
8.770E+2	0.00000000E+0
8.780E+2	0.00000000E+0
8.790E+2	0.00000000E+0
8.800E+2	0.00000000E+0
8.810E+2	0.00000000E+0
8.820E+2	0.00000000E+0
8.830E+2	0.00000000E+0
8.840E+2	0.00000000E+0
8.850E+2	0.00000000E+0
8.860E+2	0.00000000E+0
8.870E+2	0.00000000E+0
8.880E+2	0.00000000E+0
8.890E+2	0.00000000E+0
8.900E+2	0.00000000E+0
8.910E+2	0.00000000E+0
8.920E+2	0.00000000E+0
8.930E+2	0.00000000E+0
8.940E+2	0.00000000E+0
8.950E+2	0.00000000E+0
8.960E+2	0.00000000E+0
8.970E+2	0.00000000E+0
8.980E+2	0.00000000E+0
8.990E+2	0.00000000E+0
9.000E+2	0.00000000E+0
9.010E+2	0.00000000E+0
9.020E+2	0.00000000E+0
9.030E+2	0.00000000E+0
9.040E+2	0.00000000E+0
9.050E+2	0.00000000E+0
9.060E+2	0.00000000E+0
9.070E+2	0.00000000E+0
9.080E+2	0.00000000E+0
9.090E+2	0.00000000E+0
9.100E+2	0.00000000E+0
9.110E+2	0.00000000E+0
9.120E+2	0.00000000E+0
9.130E+2	0.00000000E+0
9.140E+2	0.00000000E+0
9.150E+2	0.00000000E+0
9.160E+2	0.00000000E+0
9.170E+2	0.00000000E+0
9.180E+2	0.00000000E+0
9.190E+2	0.00000000E+0
9.200E+2	0.00000000E+0
9.210E+2	0.00000000E+0
9.220E+2	0.00000000E+0
9.230E+2	0.00000000E+0
9.240E+2	0.00000000E+0
9.250E+2	0.00000000E+0
9.260E+2	0.00000000E+0
9.270E+2	0.00000000E+0
9.280E+2	0.00000000E+0
9.290E+2	0.00000000E+0
9.300E+2	0.00000000E+0
9.310E+2	0.00000000E+0
9.320E+2	0.00000000E+0
9.330E+2	0.00000000E+0
9.340E+2	0.00000000E+0
9.350E+2	0.00000000E+0
9.360E+2	0.00000000E+0
9.370E+2	0.00000000E+0
9.380E+2	0.00000000E+0
9.390E+2	0.00000000E+0
9.400E+2	0.00000000E+0
9.410E+2	0.00000000E+0
9.420E+2	0.00000000E+0
9.430E+2	0.00000000E+0
9.440E+2	0.00000000E+0
9.450E+2	0.00000000E+0
9.460E+2	0.00000000E+0
9.470E+2	0.00000000E+0
9.480E+2	0.00000000E+0
9.490E+2	0.00000000E+0
9.500E+2	0.00000000E+0
9.510E+2	0.00000000E+0
9.520E+2	0.00000000E+0
9.530E+2	0.00000000E+0
9.540E+2	0.00000000E+0
9.550E+2	0.00000000E+0
9.560E+2	0.00000000E+0
9.570E+2	0.00000000E+0
9.580E+2	0.00000000E+0
9.590E+2	0.00000000E+0
9.600E+2	0.00000000E+0
9.610E+2	0.00000000E+0
9.620E+2	0.00000000E+0
9.630E+2	0.00000000E+0
9.640E+2	0.00000000E+0
9.650E+2	0.00000000E+0
9.660E+2	0.00000000E+0
9.670E+2	0.00000000E+0
9.680E+2	0.00000000E+0
9.690E+2	0.00000000E+0
9.700E+2	0.00000000E+0
9.710E+2	0.00000000E+0
9.720E+2	0.00000000E+0
9.730E+2	0.00000000E+0
9.740E+2	0.00000000E+0
9.750E+2	0.00000000E+0
9.760E+2	0.00000000E+0
9.770E+2	0.00000000E+0
9.780E+2	0.00000000E+0
9.790E+2	0.00000000E+0
9.800E+2	0.00000000E+0
9.810E+2	0.00000000E+0
9.820E+2	0.00000000E+0
9.830E+2	0.00000000E+0
9.840E+2	0.00000000E+0
9.850E+2	0.00000000E+0
9.860E+2	0.00000000E+0
9.870E+2	0.00000000E+0
9.880E+2	0.00000000E+0
9.890E+2	0.00000000E+0
9.900E+2	0.00000000E+0
9.910E+2	0.00000000E+0
9.920E+2	0.00000000E+0
9.930E+2	0.00000000E+0
9.940E+2	0.00000000E+0
9.950E+2	0.00000000E+0
9.960E+2	0.00000000E+0
9.970E+2	0.00000000E+0
9.980E+2	0.00000000E+0
9.990E+2	0.00000000E+0
1.000E+3	0.00000000E+0
1.001E+3	0.00000000E+0
1.002E+3	0.00000000E+0
1.003E+3	0.00000000E+0
1.004E+3	0.00000000E+0
1.005E+3	0.00000000E+0
1.006E+3	0.00000000E+0
1.007E+3	0.00000000E+0
1.008E+3	0.00000000E+0
1.009E+3	0.00000000E+0
1.010E+3	0.00000000E+0
1.011E+3	0.00000000E+0
1.012E+3	0.00000000E+0
1.013E+3	0.00000000E+0
1.014E+3	0.00000000E+0
1.015E+3	0.00000000E+0
1.016E+3	0.00000000E+0
1.017E+3	0.00000000E+0
1.018E+3	0.00000000E+0
1.019E+3	0.00000000E+0
