WAVELENGTH (nm)	SPECTRAL IRRADIANCE (W.m-2.nm-1)
3.410E+2	0.00000000E+0
3.420E+2	0.00000000E+0
3.430E+2	0.00000000E+0
3.440E+2	0.00000000E+0
3.450E+2	0.00000000E+0
3.460E+2	0.00000000E+0
3.470E+2	0.00000000E+0
3.480E+2	0.00000000E+0
3.490E+2	0.00000000E+0
3.500E+2	0.00000000E+0
3.510E+2	0.00000000E+0
3.520E+2	0.00000000E+0
3.530E+2	0.00000000E+0
3.540E+2	0.00000000E+0
3.550E+2	0.00000000E+0
3.560E+2	0.00000000E+0
3.570E+2	0.00000000E+0
3.580E+2	0.00000000E+0
3.590E+2	0.00000000E+0
3.600E+2	0.00000000E+0
3.610E+2	0.00000000E+0
3.620E+2	0.00000000E+0
3.630E+2	0.00000000E+0
3.640E+2	0.00000000E+0
3.650E+2	0.00000000E+0
3.660E+2	0.00000000E+0
3.670E+2	0.00000000E+0
3.680E+2	0.00000000E+0
3.690E+2	0.00000000E+0
3.700E+2	0.00000000E+0
3.710E+2	0.00000000E+0
3.720E+2	0.00000000E+0
3.730E+2	0.00000000E+0
3.740E+2	0.00000000E+0
3.750E+2	0.00000000E+0
3.760E+2	0.00000000E+0
3.770E+2	0.00000000E+0
3.780E+2	0.00000000E+0
3.790E+2	0.00000000E+0
3.800E+2	0.00000000E+0
3.810E+2	0.00000000E+0
3.820E+2	0.00000000E+0
3.830E+2	0.00000000E+0
3.840E+2	0.00000000E+0
3.850E+2	0.00000000E+0
3.860E+2	0.00000000E+0
3.870E+2	0.00000000E+0
3.880E+2	0.00000000E+0
3.890E+2	0.00000000E+0
3.900E+2	0.00000000E+0
3.910E+2	0.00000000E+0
3.920E+2	0.00000000E+0
3.930E+2	0.00000000E+0
3.940E+2	0.00000000E+0
3.950E+2	0.00000000E+0
3.960E+2	0.00000000E+0
3.970E+2	0.00000000E+0
3.980E+2	0.00000000E+0
3.990E+2	0.00000000E+0
4.000E+2	0.00000000E+0
4.010E+2	0.00000000E+0
4.020E+2	0.00000000E+0
4.030E+2	0.00000000E+0
4.040E+2	0.00000000E+0
4.050E+2	0.00000000E+0
4.060E+2	0.00000000E+0
4.070E+2	0.00000000E+0
4.080E+2	0.00000000E+0
4.090E+2	0.00000000E+0
4.100E+2	0.00000000E+0
4.110E+2	0.00000000E+0
4.120E+2	0.00000000E+0
4.130E+2	0.00000000E+0
4.140E+2	0.00000000E+0
4.150E+2	0.00000000E+0
4.160E+2	0.00000000E+0
4.170E+2	0.00000000E+0
4.180E+2	0.00000000E+0
4.190E+2	0.00000000E+0
4.200E+2	0.00000000E+0
4.210E+2	0.00000000E+0
4.220E+2	0.00000000E+0
4.230E+2	0.00000000E+0
4.240E+2	0.00000000E+0
4.250E+2	0.00000000E+0
4.260E+2	0.00000000E+0
4.270E+2	0.00000000E+0
4.280E+2	0.00000000E+0
4.290E+2	0.00000000E+0
4.300E+2	0.00000000E+0
4.310E+2	0.00000000E+0
4.320E+2	0.00000000E+0
4.330E+2	0.00000000E+0
4.340E+2	0.00000000E+0
4.350E+2	0.00000000E+0
4.360E+2	0.00000000E+0
4.370E+2	0.00000000E+0
4.380E+2	0.00000000E+0
4.390E+2	0.00000000E+0
4.400E+2	0.00000000E+0
4.410E+2	0.00000000E+0
4.420E+2	0.00000000E+0
4.430E+2	0.00000000E+0
4.440E+2	0.00000000E+0
4.450E+2	0.00000000E+0
4.460E+2	0.00000000E+0
4.470E+2	0.00000000E+0
4.480E+2	0.00000000E+0
4.490E+2	0.00000000E+0
4.500E+2	0.00000000E+0
4.510E+2	0.00000000E+0
4.520E+2	0.00000000E+0
4.530E+2	0.00000000E+0
4.540E+2	0.00000000E+0
4.550E+2	0.00000000E+0
4.560E+2	0.00000000E+0
4.570E+2	0.00000000E+0
4.580E+2	0.00000000E+0
4.590E+2	0.00000000E+0
4.600E+2	0.00000000E+0
4.610E+2	0.00000000E+0
4.620E+2	0.00000000E+0
4.630E+2	0.00000000E+0
4.640E+2	0.00000000E+0
4.650E+2	0.00000000E+0
4.660E+2	0.00000000E+0
4.670E+2	0.00000000E+0
4.680E+2	0.00000000E+0
4.690E+2	0.00000000E+0
4.700E+2	0.00000000E+0
4.710E+2	0.00000000E+0
4.720E+2	0.00000000E+0
4.730E+2	0.00000000E+0
4.740E+2	0.00000000E+0
4.750E+2	0.00000000E+0
4.760E+2	0.00000000E+0
4.770E+2	0.00000000E+0
4.780E+2	0.00000000E+0
4.790E+2	0.00000000E+0
4.800E+2	0.00000000E+0
4.810E+2	0.00000000E+0
4.820E+2	0.00000000E+0
4.830E+2	0.00000000E+0
4.840E+2	0.00000000E+0
4.850E+2	0.00000000E+0
4.860E+2	0.00000000E+0
4.870E+2	0.00000000E+0
4.880E+2	0.00000000E+0
4.890E+2	0.00000000E+0
4.900E+2	0.00000000E+0
4.910E+2	0.00000000E+0
4.920E+2	0.00000000E+0
4.930E+2	0.00000000E+0
4.940E+2	0.00000000E+0
4.950E+2	0.00000000E+0
4.960E+2	0.00000000E+0
4.970E+2	0.00000000E+0
4.980E+2	0.00000000E+0
4.990E+2	0.00000000E+0
5.000E+2	0.00000000E+0
5.010E+2	0.00000000E+0
5.020E+2	0.00000000E+0
5.030E+2	0.00000000E+0
5.040E+2	0.00000000E+0
5.050E+2	0.00000000E+0
5.060E+2	0.00000000E+0
5.070E+2	0.00000000E+0
5.080E+2	0.00000000E+0
5.090E+2	0.00000000E+0
5.100E+2	0.00000000E+0
5.110E+2	0.00000000E+0
5.120E+2	0.00000000E+0
5.130E+2	0.00000000E+0
5.140E+2	0.00000000E+0
5.150E+2	0.00000000E+0
5.160E+2	0.00000000E+0
5.170E+2	0.00000000E+0
5.180E+2	0.00000000E+0
5.190E+2	0.00000000E+0
5.200E+2	0.00000000E+0
5.210E+2	0.00000000E+0
5.220E+2	0.00000000E+0
5.230E+2	0.00000000E+0
5.240E+2	0.00000000E+0
5.250E+2	0.00000000E+0
5.260E+2	0.00000000E+0
5.270E+2	0.00000000E+0
5.280E+2	0.00000000E+0
5.290E+2	0.00000000E+0
5.300E+2	0.00000000E+0
5.310E+2	0.00000000E+0
5.320E+2	0.00000000E+0
5.330E+2	0.00000000E+0
5.340E+2	0.00000000E+0
5.350E+2	0.00000000E+0
5.360E+2	0.00000000E+0
5.370E+2	0.00000000E+0
5.380E+2	0.00000000E+0
5.390E+2	0.00000000E+0
5.400E+2	0.00000000E+0
5.410E+2	0.00000000E+0
5.420E+2	0.00000000E+0
5.430E+2	0.00000000E+0
5.440E+2	0.00000000E+0
5.450E+2	0.00000000E+0
5.460E+2	0.00000000E+0
5.470E+2	0.00000000E+0
5.480E+2	0.00000000E+0
5.490E+2	0.00000000E+0
5.500E+2	0.00000000E+0
5.510E+2	0.00000000E+0
5.520E+2	0.00000000E+0
5.530E+2	0.00000000E+0
5.540E+2	1.48177172E-5
5.550E+2	0.00000000E+0
5.560E+2	0.00000000E+0
5.570E+2	1.27096296E-5
5.580E+2	5.78913286E-6
5.590E+2	4.93414706E-6
5.600E+2	0.00000000E+0
5.610E+2	0.00000000E+0
5.620E+2	0.00000000E+0
5.630E+2	0.00000000E+0
5.640E+2	0.00000000E+0
5.650E+2	0.00000000E+0
5.660E+2	1.02161168E-6
5.670E+2	0.00000000E+0
5.680E+2	0.00000000E+0
5.690E+2	0.00000000E+0
5.700E+2	3.54726278E-7
5.710E+2	1.14217455E-7
5.720E+2	0.00000000E+0
5.730E+2	0.00000000E+0
5.740E+2	4.55459728E-6
5.750E+2	0.00000000E+0
5.760E+2	5.33437818E-6
5.770E+2	0.00000000E+0
5.780E+2	0.00000000E+0
5.790E+2	0.00000000E+0
5.800E+2	4.35365917E-6
5.810E+2	0.00000000E+0
5.820E+2	2.03170761E-6
5.830E+2	0.00000000E+0
5.840E+2	0.00000000E+0
5.850E+2	1.42003123E-5
5.860E+2	0.00000000E+0
5.870E+2	5.27374422E-6
5.880E+2	2.77788132E-6
5.890E+2	3.44320974E-6
5.900E+2	0.00000000E+0
5.910E+2	2.65191309E-6
5.920E+2	0.00000000E+0
5.930E+2	7.88329580E-6
5.940E+2	8.85396791E-6
5.950E+2	0.00000000E+0
5.960E+2	0.00000000E+0
5.970E+2	5.75317552E-6
5.980E+2	0.00000000E+0
5.990E+2	4.55459728E-6
6.000E+2	9.13817979E-6
6.010E+2	1.79142891E-5
6.020E+2	0.00000000E+0
6.030E+2	3.89537926E-6
6.040E+2	1.98294193E-7
6.050E+2	1.20841950E-5
6.060E+2	4.53824413E-6
6.070E+2	9.98815194E-7
6.080E+2	7.81572889E-6
6.090E+2	3.81268323E-5
6.100E+2	5.97673386E-6
6.110E+2	1.60750492E-5
6.120E+2	1.44485472E-5
6.130E+2	1.36622251E-5
6.140E+2	1.89133491E-5
6.150E+2	1.48940972E-5
6.160E+2	1.43432800E-5
6.170E+2	1.93305013E-5
6.180E+2	3.70756283E-5
6.190E+2	5.11471718E-5
6.200E+2	1.60750492E-5
6.210E+2	2.70994719E-5
6.220E+2	3.98605601E-5
6.230E+2	3.69718299E-5
6.240E+2	4.71044183E-5
6.250E+2	3.92808556E-5
6.260E+2	1.03179568E-4
6.270E+2	4.63156481E-5
6.280E+2	7.78174959E-5
6.290E+2	8.28605334E-5
6.300E+2	1.03861112E-4
6.310E+2	6.11645303E-5
6.320E+2	1.10268218E-4
6.330E+2	1.12665077E-4
6.340E+2	1.14255155E-4
6.350E+2	1.69493063E-4
6.360E+2	1.94690135E-4
6.370E+2	2.40367814E-4
6.380E+2	2.42734370E-4
6.390E+2	2.47719877E-4
6.400E+2	2.69789436E-4
6.410E+2	3.13837697E-4
6.420E+2	3.09515937E-4
6.430E+2	3.66064300E-4
6.440E+2	4.23080735E-4
6.450E+2	4.64243427E-4
6.460E+2	5.59720963E-4
6.470E+2	5.71931128E-4
6.480E+2	6.46956103E-4
6.490E+2	7.44299456E-4
6.500E+2	8.12237984E-4
6.510E+2	9.03172519E-4
6.520E+2	1.02534794E-3
6.530E+2	1.15672277E-3
6.540E+2	1.23583551E-3
6.550E+2	1.39334720E-3
6.560E+2	1.59495951E-3
6.570E+2	1.71844685E-3
6.580E+2	1.89328358E-3
6.590E+2	2.19475538E-3
6.600E+2	2.36947242E-3
6.610E+2	2.64329186E-3
6.620E+2	2.95054488E-3
6.630E+2	3.21465835E-3
6.640E+2	3.61781047E-3
6.650E+2	3.96445997E-3
6.660E+2	4.36524836E-3
6.670E+2	4.92388472E-3
6.680E+2	5.39876268E-3
6.690E+2	5.97922221E-3
6.700E+2	6.60378416E-3
6.710E+2	7.34136959E-3
6.720E+2	8.09511870E-3
6.730E+2	8.93587883E-3
6.740E+2	9.84175629E-3
6.750E+2	1.07594260E-2
6.760E+2	1.19326704E-2
6.770E+2	1.32280346E-2
6.780E+2	1.43720855E-2
6.790E+2	1.61371247E-2
6.800E+2	1.73744697E-2
6.810E+2	1.92312296E-2
6.820E+2	2.09310821E-2
6.830E+2	2.29256289E-2
6.840E+2	2.45900300E-2
6.850E+2	2.63365577E-2
6.860E+2	2.79861143E-2
6.870E+2	2.92342537E-2
6.880E+2	3.08337919E-2
6.890E+2	3.20486189E-2
6.900E+2	3.29876022E-2
6.910E+2	3.41902656E-2
6.920E+2	3.51825561E-2
6.930E+2	3.59987051E-2
6.940E+2	3.62225597E-2
6.950E+2	3.61555035E-2
6.960E+2	3.56979284E-2
6.970E+2	3.38545357E-2
6.980E+2	3.16418880E-2
6.990E+2	2.80713631E-2
7.000E+2	2.31536995E-2
7.010E+2	1.85305705E-2
7.020E+2	1.51083054E-2
7.030E+2	1.19462466E-2
7.040E+2	9.96694234E-3
7.050E+2	8.06639385E-3
7.060E+2	6.62241347E-3
7.070E+2	5.33214298E-3
7.080E+2	4.47660310E-3
7.090E+2	3.60226812E-3
7.100E+2	2.89985709E-3
7.110E+2	2.37231481E-3
7.120E+2	1.96755788E-3
7.130E+2	1.57293289E-3
7.140E+2	1.21246657E-3
7.150E+2	1.02843514E-3
7.160E+2	8.47565197E-4
7.170E+2	7.20243593E-4
7.180E+2	5.86455746E-4
7.190E+2	4.45654480E-4
7.200E+2	4.19013923E-4
7.210E+2	3.21815318E-4
7.220E+2	2.81781523E-4
7.230E+2	2.23473416E-4
7.240E+2	2.01191024E-4
7.250E+2	1.42084399E-4
7.260E+2	1.47892343E-4
7.270E+2	1.14361019E-4
7.280E+2	8.20588106E-5
7.290E+2	8.07765604E-5
7.300E+2	6.96273003E-5
7.310E+2	2.72492623E-5
7.320E+2	3.69482432E-5
7.330E+2	2.15744082E-5
7.340E+2	2.48950681E-5
7.350E+2	5.80461183E-6
7.360E+2	2.23585048E-6
7.370E+2	9.52479783E-6
7.380E+2	0.00000000E+0
7.390E+2	6.66588964E-6
7.400E+2	2.53576210E-6
7.410E+2	0.00000000E+0
7.420E+2	0.00000000E+0
7.430E+2	0.00000000E+0
7.440E+2	1.07439399E-6
7.450E+2	0.00000000E+0
7.460E+2	0.00000000E+0
7.470E+2	1.35785454E-5
7.480E+2	8.65283751E-7
7.490E+2	0.00000000E+0
7.500E+2	2.39349135E-5
7.510E+2	0.00000000E+0
7.520E+2	3.02849313E-7
7.530E+2	0.00000000E+0
7.540E+2	0.00000000E+0
7.550E+2	9.02672555E-7
7.560E+2	0.00000000E+0
7.570E+2	2.84101498E-6
7.580E+2	0.00000000E+0
7.590E+2	0.00000000E+0
7.600E+2	0.00000000E+0
7.610E+2	0.00000000E+0
7.620E+2	9.89467993E-7
7.630E+2	0.00000000E+0
7.640E+2	1.22613912E-5
7.650E+2	5.01544100E-7
7.660E+2	0.00000000E+0
7.670E+2	0.00000000E+0
7.680E+2	0.00000000E+0
7.690E+2	0.00000000E+0
7.700E+2	4.30505372E-7
7.710E+2	7.11257139E-6
7.720E+2	0.00000000E+0
7.730E+2	9.51812126E-7
7.740E+2	0.00000000E+0
7.750E+2	0.00000000E+0
7.760E+2	0.00000000E+0
7.770E+2	2.14955102E-6
7.780E+2	0.00000000E+0
7.790E+2	0.00000000E+0
7.800E+2	4.61751730E-6
7.810E+2	0.00000000E+0
7.820E+2	0.00000000E+0
7.830E+2	0.00000000E+0
7.840E+2	0.00000000E+0
7.850E+2	5.44808288E-7
7.860E+2	0.00000000E+0
7.870E+2	0.00000000E+0
7.880E+2	1.81297548E-7
7.890E+2	0.00000000E+0
7.900E+2	1.30718889E-5
7.910E+2	4.83739908E-6
7.920E+2	0.00000000E+0
7.930E+2	0.00000000E+0
7.940E+2	0.00000000E+0
7.950E+2	0.00000000E+0
7.960E+2	0.00000000E+0
7.970E+2	0.00000000E+0
7.980E+2	0.00000000E+0
7.990E+2	0.00000000E+0
8.000E+2	0.00000000E+0
8.010E+2	0.00000000E+0
8.020E+2	0.00000000E+0
8.030E+2	0.00000000E+0
8.040E+2	0.00000000E+0
8.050E+2	0.00000000E+0
8.060E+2	0.00000000E+0
8.070E+2	0.00000000E+0
8.080E+2	0.00000000E+0
8.090E+2	0.00000000E+0
8.100E+2	0.00000000E+0
8.110E+2	0.00000000E+0
8.120E+2	0.00000000E+0
8.130E+2	0.00000000E+0
8.140E+2	0.00000000E+0
8.150E+2	0.00000000E+0
8.160E+2	0.00000000E+0
8.170E+2	0.00000000E+0
8.180E+2	0.00000000E+0
8.190E+2	0.00000000E+0
8.200E+2	0.00000000E+0
8.210E+2	0.00000000E+0
8.220E+2	0.00000000E+0
8.230E+2	0.00000000E+0
8.240E+2	0.00000000E+0
8.250E+2	0.00000000E+0
8.260E+2	0.00000000E+0
8.270E+2	0.00000000E+0
8.280E+2	0.00000000E+0
8.290E+2	0.00000000E+0
8.300E+2	0.00000000E+0
8.310E+2	0.00000000E+0
8.320E+2	0.00000000E+0
8.330E+2	0.00000000E+0
8.340E+2	0.00000000E+0
8.350E+2	0.00000000E+0
8.360E+2	0.00000000E+0
8.370E+2	0.00000000E+0
8.380E+2	0.00000000E+0
8.390E+2	0.00000000E+0
8.400E+2	0.00000000E+0
8.410E+2	0.00000000E+0
8.420E+2	0.00000000E+0
8.430E+2	0.00000000E+0
8.440E+2	0.00000000E+0
8.450E+2	0.00000000E+0
8.460E+2	0.00000000E+0
8.470E+2	0.00000000E+0
8.480E+2	0.00000000E+0
8.490E+2	0.00000000E+0
8.500E+2	0.00000000E+0
8.510E+2	0.00000000E+0
8.520E+2	0.00000000E+0
8.530E+2	0.00000000E+0
8.540E+2	0.00000000E+0
8.550E+2	0.00000000E+0
8.560E+2	0.00000000E+0
8.570E+2	0.00000000E+0
8.580E+2	0.00000000E+0
8.590E+2	0.00000000E+0
8.600E+2	0.00000000E+0
8.610E+2	0.00000000E+0
8.620E+2	0.00000000E+0
8.630E+2	0.00000000E+0
8.640E+2	0.00000000E+0
8.650E+2	0.00000000E+0
8.660E+2	0.00000000E+0
8.670E+2	0.00000000E+0
8.680E+2	0.00000000E+0
8.690E+2	0.00000000E+0
8.700E+2	0.00000000E+0
8.710E+2	0.00000000E+0
8.720E+2	0.00000000E+0
8.730E+2	0.00000000E+0
8.740E+2	0.00000000E+0
8.750E+2	0.00000000E+0
8.760E+2	0.00000000E+0
8.770E+2	0.00000000E+0
8.780E+2	0.00000000E+0
8.790E+2	0.00000000E+0
8.800E+2	0.00000000E+0
8.810E+2	0.00000000E+0
8.820E+2	0.00000000E+0
8.830E+2	0.00000000E+0
8.840E+2	0.00000000E+0
8.850E+2	0.00000000E+0
8.860E+2	0.00000000E+0
8.870E+2	0.00000000E+0
8.880E+2	0.00000000E+0
8.890E+2	0.00000000E+0
8.900E+2	0.00000000E+0
8.910E+2	0.00000000E+0
8.920E+2	0.00000000E+0
8.930E+2	0.00000000E+0
8.940E+2	0.00000000E+0
8.950E+2	0.00000000E+0
8.960E+2	0.00000000E+0
8.970E+2	0.00000000E+0
8.980E+2	0.00000000E+0
8.990E+2	0.00000000E+0
9.000E+2	0.00000000E+0
9.010E+2	0.00000000E+0
9.020E+2	0.00000000E+0
9.030E+2	0.00000000E+0
9.040E+2	0.00000000E+0
9.050E+2	0.00000000E+0
9.060E+2	0.00000000E+0
9.070E+2	0.00000000E+0
9.080E+2	0.00000000E+0
9.090E+2	0.00000000E+0
9.100E+2	0.00000000E+0
9.110E+2	0.00000000E+0
9.120E+2	0.00000000E+0
9.130E+2	0.00000000E+0
9.140E+2	0.00000000E+0
9.150E+2	0.00000000E+0
9.160E+2	0.00000000E+0
9.170E+2	0.00000000E+0
9.180E+2	0.00000000E+0
9.190E+2	0.00000000E+0
9.200E+2	0.00000000E+0
9.210E+2	0.00000000E+0
9.220E+2	0.00000000E+0
9.230E+2	0.00000000E+0
9.240E+2	0.00000000E+0
9.250E+2	0.00000000E+0
9.260E+2	0.00000000E+0
9.270E+2	0.00000000E+0
9.280E+2	0.00000000E+0
9.290E+2	0.00000000E+0
9.300E+2	0.00000000E+0
9.310E+2	0.00000000E+0
9.320E+2	0.00000000E+0
9.330E+2	0.00000000E+0
9.340E+2	0.00000000E+0
9.350E+2	0.00000000E+0
9.360E+2	0.00000000E+0
9.370E+2	0.00000000E+0
9.380E+2	0.00000000E+0
9.390E+2	0.00000000E+0
9.400E+2	0.00000000E+0
9.410E+2	0.00000000E+0
9.420E+2	0.00000000E+0
9.430E+2	0.00000000E+0
9.440E+2	0.00000000E+0
9.450E+2	0.00000000E+0
9.460E+2	0.00000000E+0
9.470E+2	0.00000000E+0
9.480E+2	0.00000000E+0
9.490E+2	0.00000000E+0
9.500E+2	0.00000000E+0
9.510E+2	0.00000000E+0
9.520E+2	0.00000000E+0
9.530E+2	0.00000000E+0
9.540E+2	0.00000000E+0
9.550E+2	0.00000000E+0
9.560E+2	0.00000000E+0
9.570E+2	0.00000000E+0
9.580E+2	0.00000000E+0
9.590E+2	0.00000000E+0
9.600E+2	0.00000000E+0
9.610E+2	0.00000000E+0
9.620E+2	0.00000000E+0
9.630E+2	0.00000000E+0
9.640E+2	0.00000000E+0
9.650E+2	0.00000000E+0
9.660E+2	0.00000000E+0
9.670E+2	0.00000000E+0
9.680E+2	0.00000000E+0
9.690E+2	0.00000000E+0
9.700E+2	0.00000000E+0
9.710E+2	0.00000000E+0
9.720E+2	0.00000000E+0
9.730E+2	0.00000000E+0
9.740E+2	0.00000000E+0
9.750E+2	0.00000000E+0
9.760E+2	0.00000000E+0
9.770E+2	0.00000000E+0
9.780E+2	0.00000000E+0
9.790E+2	0.00000000E+0
9.800E+2	0.00000000E+0
9.810E+2	0.00000000E+0
9.820E+2	0.00000000E+0
9.830E+2	0.00000000E+0
9.840E+2	0.00000000E+0
9.850E+2	0.00000000E+0
9.860E+2	0.00000000E+0
9.870E+2	0.00000000E+0
9.880E+2	0.00000000E+0
9.890E+2	0.00000000E+0
9.900E+2	0.00000000E+0
9.910E+2	0.00000000E+0
9.920E+2	0.00000000E+0
9.930E+2	0.00000000E+0
9.940E+2	0.00000000E+0
9.950E+2	0.00000000E+0
9.960E+2	0.00000000E+0
9.970E+2	0.00000000E+0
9.980E+2	0.00000000E+0
9.990E+2	0.00000000E+0
1.000E+3	0.00000000E+0
1.001E+3	0.00000000E+0
1.002E+3	0.00000000E+0
1.003E+3	0.00000000E+0
1.004E+3	0.00000000E+0
1.005E+3	0.00000000E+0
1.006E+3	0.00000000E+0
1.007E+3	0.00000000E+0
1.008E+3	0.00000000E+0
1.009E+3	0.00000000E+0
1.010E+3	0.00000000E+0
1.011E+3	0.00000000E+0
1.012E+3	0.00000000E+0
1.013E+3	0.00000000E+0
1.014E+3	0.00000000E+0
1.015E+3	0.00000000E+0
1.016E+3	0.00000000E+0
1.017E+3	0.00000000E+0
1.018E+3	0.00000000E+0
1.019E+3	0.00000000E+0
