WAVELENGTH (nm)	SPECTRAL IRRADIANCE (W.m-2.nm-1)
3.410E+2	0.00000000E+0
3.420E+2	0.00000000E+0
3.430E+2	0.00000000E+0
3.440E+2	0.00000000E+0
3.450E+2	0.00000000E+0
3.460E+2	0.00000000E+0
3.470E+2	0.00000000E+0
3.480E+2	0.00000000E+0
3.490E+2	0.00000000E+0
3.500E+2	0.00000000E+0
3.510E+2	0.00000000E+0
3.520E+2	0.00000000E+0
3.530E+2	0.00000000E+0
3.540E+2	0.00000000E+0
3.550E+2	0.00000000E+0
3.560E+2	0.00000000E+0
3.570E+2	0.00000000E+0
3.580E+2	0.00000000E+0
3.590E+2	0.00000000E+0
3.600E+2	0.00000000E+0
3.610E+2	0.00000000E+0
3.620E+2	0.00000000E+0
3.630E+2	0.00000000E+0
3.640E+2	0.00000000E+0
3.650E+2	0.00000000E+0
3.660E+2	0.00000000E+0
3.670E+2	0.00000000E+0
3.680E+2	0.00000000E+0
3.690E+2	0.00000000E+0
3.700E+2	0.00000000E+0
3.710E+2	0.00000000E+0
3.720E+2	0.00000000E+0
3.730E+2	0.00000000E+0
3.740E+2	0.00000000E+0
3.750E+2	0.00000000E+0
3.760E+2	0.00000000E+0
3.770E+2	0.00000000E+0
3.780E+2	0.00000000E+0
3.790E+2	0.00000000E+0
3.800E+2	0.00000000E+0
3.810E+2	0.00000000E+0
3.820E+2	0.00000000E+0
3.830E+2	0.00000000E+0
3.840E+2	0.00000000E+0
3.850E+2	0.00000000E+0
3.860E+2	0.00000000E+0
3.870E+2	0.00000000E+0
3.880E+2	0.00000000E+0
3.890E+2	0.00000000E+0
3.900E+2	0.00000000E+0
3.910E+2	0.00000000E+0
3.920E+2	0.00000000E+0
3.930E+2	0.00000000E+0
3.940E+2	0.00000000E+0
3.950E+2	0.00000000E+0
3.960E+2	0.00000000E+0
3.970E+2	0.00000000E+0
3.980E+2	0.00000000E+0
3.990E+2	0.00000000E+0
4.000E+2	0.00000000E+0
4.010E+2	3.54513877E-6
4.020E+2	0.00000000E+0
4.030E+2	0.00000000E+0
4.040E+2	0.00000000E+0
4.050E+2	0.00000000E+0
4.060E+2	5.12020452E-7
4.070E+2	0.00000000E+0
4.080E+2	0.00000000E+0
4.090E+2	0.00000000E+0
4.100E+2	0.00000000E+0
4.110E+2	0.00000000E+0
4.120E+2	0.00000000E+0
4.130E+2	0.00000000E+0
4.140E+2	0.00000000E+0
4.150E+2	0.00000000E+0
4.160E+2	0.00000000E+0
4.170E+2	0.00000000E+0
4.180E+2	0.00000000E+0
4.190E+2	1.10444708E-5
4.200E+2	0.00000000E+0
4.210E+2	3.22383247E-6
4.220E+2	0.00000000E+0
4.230E+2	0.00000000E+0
4.240E+2	4.21289585E-6
4.250E+2	1.19566257E-5
4.260E+2	5.94386211E-6
4.270E+2	5.19024386E-5
4.280E+2	1.14126198E-4
4.290E+2	8.17927387E-5
4.300E+2	1.15621804E-4
4.310E+2	1.94182492E-4
4.320E+2	1.84628254E-4
4.330E+2	2.08552567E-4
4.340E+2	2.79389333E-4
4.350E+2	3.23452169E-4
4.360E+2	3.82967277E-4
4.370E+2	5.08648585E-4
4.380E+2	5.80287317E-4
4.390E+2	7.11860138E-4
4.400E+2	9.39984049E-4
4.410E+2	1.06664606E-3
4.420E+2	1.26444588E-3
4.430E+2	1.57896930E-3
4.440E+2	1.88128988E-3
4.450E+2	2.31870642E-3
4.460E+2	2.75815872E-3
4.470E+2	3.38218965E-3
4.480E+2	3.88412866E-3
4.490E+2	4.54443784E-3
4.500E+2	5.31664464E-3
4.510E+2	6.31159330E-3
4.520E+2	7.11891428E-3
4.530E+2	8.20253034E-3
4.540E+2	9.31922609E-3
4.550E+2	1.07808093E-2
4.560E+2	1.20193773E-2
4.570E+2	1.36391723E-2
4.580E+2	1.59678692E-2
4.590E+2	1.80426393E-2
4.600E+2	2.05071701E-2
4.610E+2	2.34372526E-2
4.620E+2	2.68505131E-2
4.630E+2	3.08041517E-2
4.640E+2	3.45859540E-2
4.650E+2	3.82088028E-2
4.660E+2	4.14708310E-2
4.670E+2	4.41614947E-2
4.680E+2	4.59929160E-2
4.690E+2	4.73032045E-2
4.700E+2	4.85818374E-2
4.710E+2	4.94043693E-2
4.720E+2	4.98155930E-2
4.730E+2	5.01961428E-2
4.740E+2	5.01790574E-2
4.750E+2	5.00570461E-2
4.760E+2	4.94826350E-2
4.770E+2	4.89453700E-2
4.780E+2	4.81558073E-2
4.790E+2	4.73321475E-2
4.800E+2	4.62557860E-2
4.810E+2	4.52280940E-2
4.820E+2	4.37093680E-2
4.830E+2	4.26141641E-2
4.840E+2	4.11664747E-2
4.850E+2	3.96941128E-2
4.860E+2	3.74484527E-2
4.870E+2	3.56562793E-2
4.880E+2	3.28101022E-2
4.890E+2	2.86178041E-2
4.900E+2	2.61515109E-2
4.910E+2	2.52235409E-2
4.920E+2	2.46708123E-2
4.930E+2	2.48771938E-2
4.940E+2	2.28883284E-2
4.950E+2	1.89606925E-2
4.960E+2	1.67068601E-2
4.970E+2	1.49207229E-2
4.980E+2	1.38027430E-2
4.990E+2	1.25514938E-2
5.000E+2	1.14693729E-2
5.010E+2	1.02957407E-2
5.020E+2	9.53573299E-3
5.030E+2	8.54199737E-3
5.040E+2	7.71678223E-3
5.050E+2	7.23794450E-3
5.060E+2	6.57188996E-3
5.070E+2	6.11949397E-3
5.080E+2	5.56649735E-3
5.090E+2	5.03655808E-3
5.100E+2	4.57534712E-3
5.110E+2	4.12891206E-3
5.120E+2	3.73976792E-3
5.130E+2	3.42042034E-3
5.140E+2	3.05980577E-3
5.150E+2	2.85856378E-3
5.160E+2	2.56415670E-3
5.170E+2	2.30932455E-3
5.180E+2	2.11772386E-3
5.190E+2	1.88705105E-3
5.200E+2	1.67887066E-3
5.210E+2	1.57347678E-3
5.220E+2	1.38307154E-3
5.230E+2	1.32378238E-3
5.240E+2	1.14373515E-3
5.250E+2	1.04482304E-3
5.260E+2	9.10110740E-4
5.270E+2	8.10281215E-4
5.280E+2	7.54800170E-4
5.290E+2	7.19692230E-4
5.300E+2	5.86105083E-4
5.310E+2	5.34398274E-4
5.320E+2	5.47189759E-4
5.330E+2	4.54631177E-4
5.340E+2	4.33060273E-4
5.350E+2	3.34432163E-4
5.360E+2	3.88570450E-4
5.370E+2	2.97917697E-4
5.380E+2	2.26007345E-4
5.390E+2	1.76626512E-4
5.400E+2	1.81243381E-4
5.410E+2	1.79764540E-4
5.420E+2	1.55370394E-4
5.430E+2	1.16243055E-4
5.440E+2	1.39860472E-4
5.450E+2	1.40917257E-4
5.460E+2	1.13071057E-4
5.470E+2	1.11312488E-4
5.480E+2	8.97366538E-5
5.490E+2	1.01792247E-4
5.500E+2	8.91035690E-5
5.510E+2	6.68946503E-5
5.520E+2	5.66752277E-5
5.530E+2	8.17027874E-5
5.540E+2	2.95357417E-5
5.550E+2	2.14183844E-5
5.560E+2	3.01750720E-6
5.570E+2	0.00000000E+0
5.580E+2	2.69945273E-5
5.590E+2	3.40465534E-5
5.600E+2	0.00000000E+0
5.610E+2	0.00000000E+0
5.620E+2	5.03378052E-6
5.630E+2	6.70557155E-6
5.640E+2	1.90517121E-6
5.650E+2	1.25719194E-5
5.660E+2	0.00000000E+0
5.670E+2	1.51664251E-6
5.680E+2	5.32501270E-8
5.690E+2	0.00000000E+0
5.700E+2	2.02358700E-7
5.710E+2	1.72658606E-5
5.720E+2	0.00000000E+0
5.730E+2	9.79539373E-6
5.740E+2	0.00000000E+0
5.750E+2	1.09314786E-5
5.760E+2	0.00000000E+0
5.770E+2	1.89142041E-5
5.780E+2	0.00000000E+0
5.790E+2	1.27304509E-5
5.800E+2	1.66653175E-5
5.810E+2	4.41559695E-6
5.820E+2	0.00000000E+0
5.830E+2	0.00000000E+0
5.840E+2	0.00000000E+0
5.850E+2	1.40486928E-6
5.860E+2	2.32801666E-5
5.870E+2	0.00000000E+0
5.880E+2	0.00000000E+0
5.890E+2	1.23836129E-5
5.900E+2	0.00000000E+0
5.910E+2	0.00000000E+0
5.920E+2	0.00000000E+0
5.930E+2	0.00000000E+0
5.940E+2	0.00000000E+0
5.950E+2	2.21875529E-7
5.960E+2	0.00000000E+0
5.970E+2	1.18136393E-6
5.980E+2	0.00000000E+0
5.990E+2	0.00000000E+0
6.000E+2	7.93821338E-6
6.010E+2	0.00000000E+0
6.020E+2	0.00000000E+0
6.030E+2	0.00000000E+0
6.040E+2	0.00000000E+0
6.050E+2	0.00000000E+0
6.060E+2	0.00000000E+0
6.070E+2	0.00000000E+0
6.080E+2	0.00000000E+0
6.090E+2	5.54688823E-7
6.100E+2	0.00000000E+0
6.110E+2	0.00000000E+0
6.120E+2	0.00000000E+0
6.130E+2	0.00000000E+0
6.140E+2	2.35982430E-6
6.150E+2	7.74509949E-7
6.160E+2	0.00000000E+0
6.170E+2	1.67810489E-6
6.180E+2	0.00000000E+0
6.190E+2	1.28605631E-5
6.200E+2	0.00000000E+0
6.210E+2	0.00000000E+0
6.220E+2	0.00000000E+0
6.230E+2	2.90177582E-5
6.240E+2	0.00000000E+0
6.250E+2	0.00000000E+0
6.260E+2	0.00000000E+0
6.270E+2	0.00000000E+0
6.280E+2	0.00000000E+0
6.290E+2	1.54901990E-6
6.300E+2	0.00000000E+0
6.310E+2	0.00000000E+0
6.320E+2	0.00000000E+0
6.330E+2	0.00000000E+0
6.340E+2	0.00000000E+0
6.350E+2	0.00000000E+0
6.360E+2	0.00000000E+0
6.370E+2	0.00000000E+0
6.380E+2	0.00000000E+0
6.390E+2	0.00000000E+0
6.400E+2	0.00000000E+0
6.410E+2	0.00000000E+0
6.420E+2	0.00000000E+0
6.430E+2	0.00000000E+0
6.440E+2	0.00000000E+0
6.450E+2	1.61886960E-6
6.460E+2	0.00000000E+0
6.470E+2	1.04774555E-6
6.480E+2	0.00000000E+0
6.490E+2	5.69754445E-6
6.500E+2	0.00000000E+0
6.510E+2	0.00000000E+0
6.520E+2	0.00000000E+0
6.530E+2	0.00000000E+0
6.540E+2	0.00000000E+0
6.550E+2	0.00000000E+0
6.560E+2	0.00000000E+0
6.570E+2	0.00000000E+0
6.580E+2	0.00000000E+0
6.590E+2	0.00000000E+0
6.600E+2	0.00000000E+0
6.610E+2	0.00000000E+0
6.620E+2	0.00000000E+0
6.630E+2	0.00000000E+0
6.640E+2	0.00000000E+0
6.650E+2	0.00000000E+0
6.660E+2	0.00000000E+0
6.670E+2	0.00000000E+0
6.680E+2	0.00000000E+0
6.690E+2	0.00000000E+0
6.700E+2	0.00000000E+0
6.710E+2	0.00000000E+0
6.720E+2	0.00000000E+0
6.730E+2	0.00000000E+0
6.740E+2	0.00000000E+0
6.750E+2	0.00000000E+0
6.760E+2	0.00000000E+0
6.770E+2	0.00000000E+0
6.780E+2	0.00000000E+0
6.790E+2	0.00000000E+0
6.800E+2	0.00000000E+0
6.810E+2	0.00000000E+0
6.820E+2	0.00000000E+0
6.830E+2	0.00000000E+0
6.840E+2	0.00000000E+0
6.850E+2	0.00000000E+0
6.860E+2	0.00000000E+0
6.870E+2	0.00000000E+0
6.880E+2	0.00000000E+0
6.890E+2	0.00000000E+0
6.900E+2	0.00000000E+0
6.910E+2	0.00000000E+0
6.920E+2	0.00000000E+0
6.930E+2	0.00000000E+0
6.940E+2	0.00000000E+0
6.950E+2	0.00000000E+0
6.960E+2	0.00000000E+0
6.970E+2	0.00000000E+0
6.980E+2	0.00000000E+0
6.990E+2	0.00000000E+0
7.000E+2	0.00000000E+0
7.010E+2	0.00000000E+0
7.020E+2	0.00000000E+0
7.030E+2	0.00000000E+0
7.040E+2	0.00000000E+0
7.050E+2	0.00000000E+0
7.060E+2	0.00000000E+0
7.070E+2	0.00000000E+0
7.080E+2	0.00000000E+0
7.090E+2	0.00000000E+0
7.100E+2	0.00000000E+0
7.110E+2	0.00000000E+0
7.120E+2	0.00000000E+0
7.130E+2	0.00000000E+0
7.140E+2	0.00000000E+0
7.150E+2	0.00000000E+0
7.160E+2	0.00000000E+0
7.170E+2	0.00000000E+0
7.180E+2	0.00000000E+0
7.190E+2	0.00000000E+0
7.200E+2	0.00000000E+0
7.210E+2	0.00000000E+0
7.220E+2	0.00000000E+0
7.230E+2	0.00000000E+0
7.240E+2	0.00000000E+0
7.250E+2	0.00000000E+0
7.260E+2	0.00000000E+0
7.270E+2	0.00000000E+0
7.280E+2	0.00000000E+0
7.290E+2	0.00000000E+0
7.300E+2	0.00000000E+0
7.310E+2	0.00000000E+0
7.320E+2	0.00000000E+0
7.330E+2	0.00000000E+0
7.340E+2	0.00000000E+0
7.350E+2	0.00000000E+0
7.360E+2	0.00000000E+0
7.370E+2	0.00000000E+0
7.380E+2	0.00000000E+0
7.390E+2	0.00000000E+0
7.400E+2	0.00000000E+0
7.410E+2	0.00000000E+0
7.420E+2	0.00000000E+0
7.430E+2	0.00000000E+0
7.440E+2	0.00000000E+0
7.450E+2	0.00000000E+0
7.460E+2	0.00000000E+0
7.470E+2	0.00000000E+0
7.480E+2	0.00000000E+0
7.490E+2	0.00000000E+0
7.500E+2	0.00000000E+0
7.510E+2	0.00000000E+0
7.520E+2	0.00000000E+0
7.530E+2	0.00000000E+0
7.540E+2	0.00000000E+0
7.550E+2	0.00000000E+0
7.560E+2	0.00000000E+0
7.570E+2	0.00000000E+0
7.580E+2	0.00000000E+0
7.590E+2	0.00000000E+0
7.600E+2	0.00000000E+0
7.610E+2	0.00000000E+0
7.620E+2	0.00000000E+0
7.630E+2	0.00000000E+0
7.640E+2	0.00000000E+0
7.650E+2	0.00000000E+0
7.660E+2	0.00000000E+0
7.670E+2	0.00000000E+0
7.680E+2	0.00000000E+0
7.690E+2	0.00000000E+0
7.700E+2	0.00000000E+0
7.710E+2	0.00000000E+0
7.720E+2	0.00000000E+0
7.730E+2	0.00000000E+0
7.740E+2	0.00000000E+0
7.750E+2	0.00000000E+0
7.760E+2	0.00000000E+0
7.770E+2	0.00000000E+0
7.780E+2	0.00000000E+0
7.790E+2	0.00000000E+0
7.800E+2	0.00000000E+0
7.810E+2	0.00000000E+0
7.820E+2	0.00000000E+0
7.830E+2	0.00000000E+0
7.840E+2	0.00000000E+0
7.850E+2	0.00000000E+0
7.860E+2	0.00000000E+0
7.870E+2	0.00000000E+0
7.880E+2	0.00000000E+0
7.890E+2	0.00000000E+0
7.900E+2	0.00000000E+0
7.910E+2	0.00000000E+0
7.920E+2	0.00000000E+0
7.930E+2	0.00000000E+0
7.940E+2	0.00000000E+0
7.950E+2	0.00000000E+0
7.960E+2	0.00000000E+0
7.970E+2	0.00000000E+0
7.980E+2	0.00000000E+0
7.990E+2	0.00000000E+0
8.000E+2	0.00000000E+0
8.010E+2	0.00000000E+0
8.020E+2	0.00000000E+0
8.030E+2	0.00000000E+0
8.040E+2	0.00000000E+0
8.050E+2	0.00000000E+0
8.060E+2	0.00000000E+0
8.070E+2	0.00000000E+0
8.080E+2	0.00000000E+0
8.090E+2	0.00000000E+0
8.100E+2	0.00000000E+0
8.110E+2	0.00000000E+0
8.120E+2	0.00000000E+0
8.130E+2	0.00000000E+0
8.140E+2	0.00000000E+0
8.150E+2	0.00000000E+0
8.160E+2	0.00000000E+0
8.170E+2	0.00000000E+0
8.180E+2	0.00000000E+0
8.190E+2	0.00000000E+0
8.200E+2	0.00000000E+0
8.210E+2	0.00000000E+0
8.220E+2	0.00000000E+0
8.230E+2	0.00000000E+0
8.240E+2	0.00000000E+0
8.250E+2	0.00000000E+0
8.260E+2	0.00000000E+0
8.270E+2	0.00000000E+0
8.280E+2	0.00000000E+0
8.290E+2	0.00000000E+0
8.300E+2	0.00000000E+0
8.310E+2	0.00000000E+0
8.320E+2	0.00000000E+0
8.330E+2	0.00000000E+0
8.340E+2	0.00000000E+0
8.350E+2	0.00000000E+0
8.360E+2	0.00000000E+0
8.370E+2	0.00000000E+0
8.380E+2	0.00000000E+0
8.390E+2	0.00000000E+0
8.400E+2	0.00000000E+0
8.410E+2	0.00000000E+0
8.420E+2	0.00000000E+0
8.430E+2	0.00000000E+0
8.440E+2	0.00000000E+0
8.450E+2	0.00000000E+0
8.460E+2	0.00000000E+0
8.470E+2	0.00000000E+0
8.480E+2	0.00000000E+0
8.490E+2	0.00000000E+0
8.500E+2	0.00000000E+0
8.510E+2	0.00000000E+0
8.520E+2	0.00000000E+0
8.530E+2	0.00000000E+0
8.540E+2	0.00000000E+0
8.550E+2	0.00000000E+0
8.560E+2	0.00000000E+0
8.570E+2	0.00000000E+0
8.580E+2	0.00000000E+0
8.590E+2	0.00000000E+0
8.600E+2	0.00000000E+0
8.610E+2	0.00000000E+0
8.620E+2	0.00000000E+0
8.630E+2	0.00000000E+0
8.640E+2	0.00000000E+0
8.650E+2	0.00000000E+0
8.660E+2	0.00000000E+0
8.670E+2	0.00000000E+0
8.680E+2	0.00000000E+0
8.690E+2	0.00000000E+0
8.700E+2	0.00000000E+0
8.710E+2	0.00000000E+0
8.720E+2	0.00000000E+0
8.730E+2	0.00000000E+0
8.740E+2	0.00000000E+0
8.750E+2	0.00000000E+0
8.760E+2	0.00000000E+0
8.770E+2	0.00000000E+0
8.780E+2	0.00000000E+0
8.790E+2	0.00000000E+0
8.800E+2	0.00000000E+0
8.810E+2	0.00000000E+0
8.820E+2	0.00000000E+0
8.830E+2	0.00000000E+0
8.840E+2	0.00000000E+0
8.850E+2	0.00000000E+0
8.860E+2	0.00000000E+0
8.870E+2	0.00000000E+0
8.880E+2	0.00000000E+0
8.890E+2	0.00000000E+0
8.900E+2	0.00000000E+0
8.910E+2	0.00000000E+0
8.920E+2	0.00000000E+0
8.930E+2	0.00000000E+0
8.940E+2	0.00000000E+0
8.950E+2	0.00000000E+0
8.960E+2	0.00000000E+0
8.970E+2	0.00000000E+0
8.980E+2	0.00000000E+0
8.990E+2	0.00000000E+0
9.000E+2	0.00000000E+0
9.010E+2	0.00000000E+0
9.020E+2	0.00000000E+0
9.030E+2	0.00000000E+0
9.040E+2	0.00000000E+0
9.050E+2	0.00000000E+0
9.060E+2	0.00000000E+0
9.070E+2	0.00000000E+0
9.080E+2	0.00000000E+0
9.090E+2	0.00000000E+0
9.100E+2	0.00000000E+0
9.110E+2	0.00000000E+0
9.120E+2	0.00000000E+0
9.130E+2	0.00000000E+0
9.140E+2	0.00000000E+0
9.150E+2	0.00000000E+0
9.160E+2	0.00000000E+0
9.170E+2	0.00000000E+0
9.180E+2	0.00000000E+0
9.190E+2	0.00000000E+0
9.200E+2	0.00000000E+0
9.210E+2	0.00000000E+0
9.220E+2	0.00000000E+0
9.230E+2	0.00000000E+0
9.240E+2	0.00000000E+0
9.250E+2	0.00000000E+0
9.260E+2	0.00000000E+0
9.270E+2	0.00000000E+0
9.280E+2	0.00000000E+0
9.290E+2	0.00000000E+0
9.300E+2	0.00000000E+0
9.310E+2	0.00000000E+0
9.320E+2	0.00000000E+0
9.330E+2	0.00000000E+0
9.340E+2	0.00000000E+0
9.350E+2	0.00000000E+0
9.360E+2	0.00000000E+0
9.370E+2	0.00000000E+0
9.380E+2	0.00000000E+0
9.390E+2	0.00000000E+0
9.400E+2	0.00000000E+0
9.410E+2	0.00000000E+0
9.420E+2	0.00000000E+0
9.430E+2	0.00000000E+0
9.440E+2	0.00000000E+0
9.450E+2	0.00000000E+0
9.460E+2	0.00000000E+0
9.470E+2	0.00000000E+0
9.480E+2	0.00000000E+0
9.490E+2	0.00000000E+0
9.500E+2	0.00000000E+0
9.510E+2	0.00000000E+0
9.520E+2	0.00000000E+0
9.530E+2	0.00000000E+0
9.540E+2	0.00000000E+0
9.550E+2	0.00000000E+0
9.560E+2	0.00000000E+0
9.570E+2	0.00000000E+0
9.580E+2	0.00000000E+0
9.590E+2	0.00000000E+0
9.600E+2	0.00000000E+0
9.610E+2	0.00000000E+0
9.620E+2	0.00000000E+0
9.630E+2	0.00000000E+0
9.640E+2	0.00000000E+0
9.650E+2	0.00000000E+0
9.660E+2	0.00000000E+0
9.670E+2	0.00000000E+0
9.680E+2	0.00000000E+0
9.690E+2	0.00000000E+0
9.700E+2	0.00000000E+0
9.710E+2	0.00000000E+0
9.720E+2	0.00000000E+0
9.730E+2	0.00000000E+0
9.740E+2	0.00000000E+0
9.750E+2	0.00000000E+0
9.760E+2	0.00000000E+0
9.770E+2	0.00000000E+0
9.780E+2	0.00000000E+0
9.790E+2	0.00000000E+0
9.800E+2	0.00000000E+0
9.810E+2	0.00000000E+0
9.820E+2	0.00000000E+0
9.830E+2	0.00000000E+0
9.840E+2	0.00000000E+0
9.850E+2	0.00000000E+0
9.860E+2	0.00000000E+0
9.870E+2	0.00000000E+0
9.880E+2	0.00000000E+0
9.890E+2	0.00000000E+0
9.900E+2	0.00000000E+0
9.910E+2	0.00000000E+0
9.920E+2	0.00000000E+0
9.930E+2	0.00000000E+0
9.940E+2	0.00000000E+0
9.950E+2	0.00000000E+0
9.960E+2	0.00000000E+0
9.970E+2	0.00000000E+0
9.980E+2	0.00000000E+0
9.990E+2	0.00000000E+0
1.000E+3	0.00000000E+0
1.001E+3	0.00000000E+0
1.002E+3	0.00000000E+0
1.003E+3	0.00000000E+0
1.004E+3	0.00000000E+0
1.005E+3	0.00000000E+0
1.006E+3	0.00000000E+0
1.007E+3	0.00000000E+0
1.008E+3	0.00000000E+0
1.009E+3	0.00000000E+0
1.010E+3	0.00000000E+0
1.011E+3	0.00000000E+0
1.012E+3	0.00000000E+0
1.013E+3	0.00000000E+0
1.014E+3	0.00000000E+0
1.015E+3	0.00000000E+0
1.016E+3	0.00000000E+0
1.017E+3	0.00000000E+0
1.018E+3	0.00000000E+0
1.019E+3	0.00000000E+0
