WAVELENGTH (nm)	SPECTRAL IRRADIANCE (W.m-2.nm-1)
3.410E+2	0.00000000E+0
3.420E+2	0.00000000E+0
3.430E+2	0.00000000E+0
3.440E+2	0.00000000E+0
3.450E+2	0.00000000E+0
3.460E+2	0.00000000E+0
3.470E+2	0.00000000E+0
3.480E+2	0.00000000E+0
3.490E+2	0.00000000E+0
3.500E+2	0.00000000E+0
3.510E+2	0.00000000E+0
3.520E+2	0.00000000E+0
3.530E+2	0.00000000E+0
3.540E+2	0.00000000E+0
3.550E+2	0.00000000E+0
3.560E+2	0.00000000E+0
3.570E+2	0.00000000E+0
3.580E+2	0.00000000E+0
3.590E+2	0.00000000E+0
3.600E+2	0.00000000E+0
3.610E+2	0.00000000E+0
3.620E+2	0.00000000E+0
3.630E+2	0.00000000E+0
3.640E+2	0.00000000E+0
3.650E+2	0.00000000E+0
3.660E+2	0.00000000E+0
3.670E+2	0.00000000E+0
3.680E+2	0.00000000E+0
3.690E+2	0.00000000E+0
3.700E+2	0.00000000E+0
3.710E+2	0.00000000E+0
3.720E+2	0.00000000E+0
3.730E+2	0.00000000E+0
3.740E+2	0.00000000E+0
3.750E+2	0.00000000E+0
3.760E+2	0.00000000E+0
3.770E+2	0.00000000E+0
3.780E+2	0.00000000E+0
3.790E+2	0.00000000E+0
3.800E+2	0.00000000E+0
3.810E+2	0.00000000E+0
3.820E+2	0.00000000E+0
3.830E+2	0.00000000E+0
3.840E+2	0.00000000E+0
3.850E+2	0.00000000E+0
3.860E+2	0.00000000E+0
3.870E+2	0.00000000E+0
3.880E+2	0.00000000E+0
3.890E+2	0.00000000E+0
3.900E+2	0.00000000E+0
3.910E+2	0.00000000E+0
3.920E+2	0.00000000E+0
3.930E+2	0.00000000E+0
3.940E+2	0.00000000E+0
3.950E+2	0.00000000E+0
3.960E+2	0.00000000E+0
3.970E+2	0.00000000E+0
3.980E+2	0.00000000E+0
3.990E+2	0.00000000E+0
4.000E+2	0.00000000E+0
4.010E+2	0.00000000E+0
4.020E+2	0.00000000E+0
4.030E+2	0.00000000E+0
4.040E+2	0.00000000E+0
4.050E+2	0.00000000E+0
4.060E+2	0.00000000E+0
4.070E+2	0.00000000E+0
4.080E+2	0.00000000E+0
4.090E+2	0.00000000E+0
4.100E+2	0.00000000E+0
4.110E+2	0.00000000E+0
4.120E+2	0.00000000E+0
4.130E+2	0.00000000E+0
4.140E+2	0.00000000E+0
4.150E+2	0.00000000E+0
4.160E+2	0.00000000E+0
4.170E+2	0.00000000E+0
4.180E+2	0.00000000E+0
4.190E+2	0.00000000E+0
4.200E+2	0.00000000E+0
4.210E+2	0.00000000E+0
4.220E+2	0.00000000E+0
4.230E+2	0.00000000E+0
4.240E+2	0.00000000E+0
4.250E+2	0.00000000E+0
4.260E+2	0.00000000E+0
4.270E+2	0.00000000E+0
4.280E+2	0.00000000E+0
4.290E+2	0.00000000E+0
4.300E+2	0.00000000E+0
4.310E+2	0.00000000E+0
4.320E+2	0.00000000E+0
4.330E+2	0.00000000E+0
4.340E+2	0.00000000E+0
4.350E+2	0.00000000E+0
4.360E+2	0.00000000E+0
4.370E+2	0.00000000E+0
4.380E+2	0.00000000E+0
4.390E+2	0.00000000E+0
4.400E+2	0.00000000E+0
4.410E+2	0.00000000E+0
4.420E+2	0.00000000E+0
4.430E+2	0.00000000E+0
4.440E+2	0.00000000E+0
4.450E+2	0.00000000E+0
4.460E+2	0.00000000E+0
4.470E+2	0.00000000E+0
4.480E+2	0.00000000E+0
4.490E+2	0.00000000E+0
4.500E+2	0.00000000E+0
4.510E+2	0.00000000E+0
4.520E+2	0.00000000E+0
4.530E+2	0.00000000E+0
4.540E+2	0.00000000E+0
4.550E+2	0.00000000E+0
4.560E+2	0.00000000E+0
4.570E+2	0.00000000E+0
4.580E+2	0.00000000E+0
4.590E+2	0.00000000E+0
4.600E+2	0.00000000E+0
4.610E+2	0.00000000E+0
4.620E+2	0.00000000E+0
4.630E+2	0.00000000E+0
4.640E+2	0.00000000E+0
4.650E+2	0.00000000E+0
4.660E+2	0.00000000E+0
4.670E+2	0.00000000E+0
4.680E+2	0.00000000E+0
4.690E+2	0.00000000E+0
4.700E+2	0.00000000E+0
4.710E+2	0.00000000E+0
4.720E+2	0.00000000E+0
4.730E+2	0.00000000E+0
4.740E+2	0.00000000E+0
4.750E+2	0.00000000E+0
4.760E+2	0.00000000E+0
4.770E+2	0.00000000E+0
4.780E+2	0.00000000E+0
4.790E+2	0.00000000E+0
4.800E+2	0.00000000E+0
4.810E+2	0.00000000E+0
4.820E+2	0.00000000E+0
4.830E+2	0.00000000E+0
4.840E+2	0.00000000E+0
4.850E+2	0.00000000E+0
4.860E+2	0.00000000E+0
4.870E+2	0.00000000E+0
4.880E+2	0.00000000E+0
4.890E+2	0.00000000E+0
4.900E+2	0.00000000E+0
4.910E+2	0.00000000E+0
4.920E+2	0.00000000E+0
4.930E+2	0.00000000E+0
4.940E+2	0.00000000E+0
4.950E+2	0.00000000E+0
4.960E+2	0.00000000E+0
4.970E+2	0.00000000E+0
4.980E+2	0.00000000E+0
4.990E+2	0.00000000E+0
5.000E+2	0.00000000E+0
5.010E+2	0.00000000E+0
5.020E+2	0.00000000E+0
5.030E+2	0.00000000E+0
5.040E+2	0.00000000E+0
5.050E+2	0.00000000E+0
5.060E+2	0.00000000E+0
5.070E+2	0.00000000E+0
5.080E+2	0.00000000E+0
5.090E+2	0.00000000E+0
5.100E+2	0.00000000E+0
5.110E+2	0.00000000E+0
5.120E+2	0.00000000E+0
5.130E+2	0.00000000E+0
5.140E+2	0.00000000E+0
5.150E+2	0.00000000E+0
5.160E+2	0.00000000E+0
5.170E+2	0.00000000E+0
5.180E+2	0.00000000E+0
5.190E+2	0.00000000E+0
5.200E+2	0.00000000E+0
5.210E+2	0.00000000E+0
5.220E+2	0.00000000E+0
5.230E+2	0.00000000E+0
5.240E+2	0.00000000E+0
5.250E+2	0.00000000E+0
5.260E+2	0.00000000E+0
5.270E+2	0.00000000E+0
5.280E+2	0.00000000E+0
5.290E+2	0.00000000E+0
5.300E+2	0.00000000E+0
5.310E+2	0.00000000E+0
5.320E+2	0.00000000E+0
5.330E+2	0.00000000E+0
5.340E+2	0.00000000E+0
5.350E+2	0.00000000E+0
5.360E+2	0.00000000E+0
5.370E+2	0.00000000E+0
5.380E+2	0.00000000E+0
5.390E+2	0.00000000E+0
5.400E+2	0.00000000E+0
5.410E+2	0.00000000E+0
5.420E+2	0.00000000E+0
5.430E+2	0.00000000E+0
5.440E+2	0.00000000E+0
5.450E+2	0.00000000E+0
5.460E+2	0.00000000E+0
5.470E+2	0.00000000E+0
5.480E+2	0.00000000E+0
5.490E+2	0.00000000E+0
5.500E+2	0.00000000E+0
5.510E+2	0.00000000E+0
5.520E+2	0.00000000E+0
5.530E+2	0.00000000E+0
5.540E+2	0.00000000E+0
5.550E+2	0.00000000E+0
5.560E+2	0.00000000E+0
5.570E+2	0.00000000E+0
5.580E+2	0.00000000E+0
5.590E+2	0.00000000E+0
5.600E+2	0.00000000E+0
5.610E+2	0.00000000E+0
5.620E+2	0.00000000E+0
5.630E+2	0.00000000E+0
5.640E+2	0.00000000E+0
5.650E+2	0.00000000E+0
5.660E+2	0.00000000E+0
5.670E+2	0.00000000E+0
5.680E+2	0.00000000E+0
5.690E+2	0.00000000E+0
5.700E+2	0.00000000E+0
5.710E+2	0.00000000E+0
5.720E+2	0.00000000E+0
5.730E+2	0.00000000E+0
5.740E+2	0.00000000E+0
5.750E+2	0.00000000E+0
5.760E+2	0.00000000E+0
5.770E+2	0.00000000E+0
5.780E+2	0.00000000E+0
5.790E+2	0.00000000E+0
5.800E+2	0.00000000E+0
5.810E+2	0.00000000E+0
5.820E+2	0.00000000E+0
5.830E+2	0.00000000E+0
5.840E+2	0.00000000E+0
5.850E+2	0.00000000E+0
5.860E+2	0.00000000E+0
5.870E+2	0.00000000E+0
5.880E+2	0.00000000E+0
5.890E+2	0.00000000E+0
5.900E+2	0.00000000E+0
5.910E+2	0.00000000E+0
5.920E+2	0.00000000E+0
5.930E+2	0.00000000E+0
5.940E+2	0.00000000E+0
5.950E+2	0.00000000E+0
5.960E+2	0.00000000E+0
5.970E+2	0.00000000E+0
5.980E+2	0.00000000E+0
5.990E+2	0.00000000E+0
6.000E+2	0.00000000E+0
6.010E+2	0.00000000E+0
6.020E+2	0.00000000E+0
6.030E+2	0.00000000E+0
6.040E+2	0.00000000E+0
6.050E+2	0.00000000E+0
6.060E+2	0.00000000E+0
6.070E+2	0.00000000E+0
6.080E+2	0.00000000E+0
6.090E+2	0.00000000E+0
6.100E+2	0.00000000E+0
6.110E+2	0.00000000E+0
6.120E+2	0.00000000E+0
6.130E+2	0.00000000E+0
6.140E+2	0.00000000E+0
6.150E+2	0.00000000E+0
6.160E+2	0.00000000E+0
6.170E+2	0.00000000E+0
6.180E+2	0.00000000E+0
6.190E+2	0.00000000E+0
6.200E+2	0.00000000E+0
6.210E+2	0.00000000E+0
6.220E+2	0.00000000E+0
6.230E+2	0.00000000E+0
6.240E+2	0.00000000E+0
6.250E+2	0.00000000E+0
6.260E+2	0.00000000E+0
6.270E+2	0.00000000E+0
6.280E+2	0.00000000E+0
6.290E+2	0.00000000E+0
6.300E+2	0.00000000E+0
6.310E+2	0.00000000E+0
6.320E+2	0.00000000E+0
6.330E+2	0.00000000E+0
6.340E+2	0.00000000E+0
6.350E+2	0.00000000E+0
6.360E+2	0.00000000E+0
6.370E+2	0.00000000E+0
6.380E+2	0.00000000E+0
6.390E+2	0.00000000E+0
6.400E+2	0.00000000E+0
6.410E+2	0.00000000E+0
6.420E+2	0.00000000E+0
6.430E+2	0.00000000E+0
6.440E+2	0.00000000E+0
6.450E+2	0.00000000E+0
6.460E+2	0.00000000E+0
6.470E+2	0.00000000E+0
6.480E+2	0.00000000E+0
6.490E+2	0.00000000E+0
6.500E+2	0.00000000E+0
6.510E+2	0.00000000E+0
6.520E+2	0.00000000E+0
6.530E+2	0.00000000E+0
6.540E+2	0.00000000E+0
6.550E+2	0.00000000E+0
6.560E+2	0.00000000E+0
6.570E+2	0.00000000E+0
6.580E+2	0.00000000E+0
6.590E+2	0.00000000E+0
6.600E+2	0.00000000E+0
6.610E+2	0.00000000E+0
6.620E+2	0.00000000E+0
6.630E+2	0.00000000E+0
6.640E+2	0.00000000E+0
6.650E+2	0.00000000E+0
6.660E+2	0.00000000E+0
6.670E+2	0.00000000E+0
6.680E+2	0.00000000E+0
6.690E+2	0.00000000E+0
6.700E+2	0.00000000E+0
6.710E+2	0.00000000E+0
6.720E+2	0.00000000E+0
6.730E+2	0.00000000E+0
6.740E+2	0.00000000E+0
6.750E+2	0.00000000E+0
6.760E+2	0.00000000E+0
6.770E+2	0.00000000E+0
6.780E+2	0.00000000E+0
6.790E+2	0.00000000E+0
6.800E+2	0.00000000E+0
6.810E+2	0.00000000E+0
6.820E+2	0.00000000E+0
6.830E+2	0.00000000E+0
6.840E+2	0.00000000E+0
6.850E+2	0.00000000E+0
6.860E+2	0.00000000E+0
6.870E+2	0.00000000E+0
6.880E+2	0.00000000E+0
6.890E+2	0.00000000E+0
6.900E+2	0.00000000E+0
6.910E+2	0.00000000E+0
6.920E+2	0.00000000E+0
6.930E+2	0.00000000E+0
6.940E+2	0.00000000E+0
6.950E+2	0.00000000E+0
6.960E+2	0.00000000E+0
6.970E+2	0.00000000E+0
6.980E+2	0.00000000E+0
6.990E+2	0.00000000E+0
7.000E+2	0.00000000E+0
7.010E+2	0.00000000E+0
7.020E+2	0.00000000E+0
7.030E+2	0.00000000E+0
7.040E+2	0.00000000E+0
7.050E+2	0.00000000E+0
7.060E+2	0.00000000E+0
7.070E+2	0.00000000E+0
7.080E+2	0.00000000E+0
7.090E+2	0.00000000E+0
7.100E+2	0.00000000E+0
7.110E+2	0.00000000E+0
7.120E+2	0.00000000E+0
7.130E+2	0.00000000E+0
7.140E+2	0.00000000E+0
7.150E+2	0.00000000E+0
7.160E+2	0.00000000E+0
7.170E+2	0.00000000E+0
7.180E+2	0.00000000E+0
7.190E+2	0.00000000E+0
7.200E+2	0.00000000E+0
7.210E+2	0.00000000E+0
7.220E+2	0.00000000E+0
7.230E+2	0.00000000E+0
7.240E+2	0.00000000E+0
7.250E+2	0.00000000E+0
7.260E+2	0.00000000E+0
7.270E+2	0.00000000E+0
7.280E+2	0.00000000E+0
7.290E+2	0.00000000E+0
7.300E+2	0.00000000E+0
7.310E+2	0.00000000E+0
7.320E+2	0.00000000E+0
7.330E+2	0.00000000E+0
7.340E+2	0.00000000E+0
7.350E+2	0.00000000E+0
7.360E+2	0.00000000E+0
7.370E+2	0.00000000E+0
7.380E+2	0.00000000E+0
7.390E+2	0.00000000E+0
7.400E+2	0.00000000E+0
7.410E+2	0.00000000E+0
7.420E+2	0.00000000E+0
7.430E+2	0.00000000E+0
7.440E+2	0.00000000E+0
7.450E+2	0.00000000E+0
7.460E+2	0.00000000E+0
7.470E+2	0.00000000E+0
7.480E+2	0.00000000E+0
7.490E+2	0.00000000E+0
7.500E+2	0.00000000E+0
7.510E+2	0.00000000E+0
7.520E+2	0.00000000E+0
7.530E+2	0.00000000E+0
7.540E+2	0.00000000E+0
7.550E+2	0.00000000E+0
7.560E+2	0.00000000E+0
7.570E+2	0.00000000E+0
7.580E+2	0.00000000E+0
7.590E+2	0.00000000E+0
7.600E+2	0.00000000E+0
7.610E+2	0.00000000E+0
7.620E+2	0.00000000E+0
7.630E+2	0.00000000E+0
7.640E+2	0.00000000E+0
7.650E+2	0.00000000E+0
7.660E+2	0.00000000E+0
7.670E+2	0.00000000E+0
7.680E+2	0.00000000E+0
7.690E+2	0.00000000E+0
7.700E+2	0.00000000E+0
7.710E+2	0.00000000E+0
7.720E+2	0.00000000E+0
7.730E+2	0.00000000E+0
7.740E+2	0.00000000E+0
7.750E+2	0.00000000E+0
7.760E+2	0.00000000E+0
7.770E+2	0.00000000E+0
7.780E+2	0.00000000E+0
7.790E+2	0.00000000E+0
7.800E+2	0.00000000E+0
7.810E+2	0.00000000E+0
7.820E+2	0.00000000E+0
7.830E+2	0.00000000E+0
7.840E+2	0.00000000E+0
7.850E+2	0.00000000E+0
7.860E+2	0.00000000E+0
7.870E+2	0.00000000E+0
7.880E+2	0.00000000E+0
7.890E+2	0.00000000E+0
7.900E+2	0.00000000E+0
7.910E+2	0.00000000E+0
7.920E+2	0.00000000E+0
7.930E+2	0.00000000E+0
7.940E+2	0.00000000E+0
7.950E+2	0.00000000E+0
7.960E+2	0.00000000E+0
7.970E+2	0.00000000E+0
7.980E+2	0.00000000E+0
7.990E+2	0.00000000E+0
8.000E+2	0.00000000E+0
8.010E+2	0.00000000E+0
8.020E+2	0.00000000E+0
8.030E+2	0.00000000E+0
8.040E+2	0.00000000E+0
8.050E+2	0.00000000E+0
8.060E+2	0.00000000E+0
8.070E+2	0.00000000E+0
8.080E+2	0.00000000E+0
8.090E+2	0.00000000E+0
8.100E+2	0.00000000E+0
8.110E+2	0.00000000E+0
8.120E+2	0.00000000E+0
8.130E+2	0.00000000E+0
8.140E+2	0.00000000E+0
8.150E+2	0.00000000E+0
8.160E+2	9.52619870E-6
8.170E+2	1.90524049E-5
8.180E+2	2.85786136E-5
8.190E+2	3.81048098E-5
8.200E+2	4.76310060E-5
8.210E+2	5.71572022E-5
8.220E+2	6.66833984E-5
8.230E+2	7.62096196E-5
8.240E+2	8.57358158E-5
8.250E+2	9.52619870E-5
8.260E+2	1.00025148E-4
8.270E+2	1.04788208E-4
8.280E+2	1.09551294E-4
8.290E+2	1.14314454E-4
8.300E+2	1.19077540E-4
8.310E+2	1.28603761E-4
8.320E+2	1.38129907E-4
8.330E+2	1.47656129E-4
8.340E+2	1.57182275E-4
8.350E+2	1.66708521E-4
8.360E+2	1.80997828E-4
8.370E+2	1.95287135E-4
8.380E+2	2.09576441E-4
8.390E+2	2.23865748E-4
8.400E+2	2.38155055E-4
8.410E+2	2.57207472E-4
8.420E+2	2.76259915E-4
8.430E+2	2.95312107E-4
8.440E+2	3.14364549E-4
8.450E+2	3.33416992E-4
8.460E+2	3.52469434E-4
8.470E+2	3.71521877E-4
8.480E+2	3.90574319E-4
8.490E+2	4.09626762E-4
8.500E+2	4.28678954E-4
8.510E+2	4.66783839E-4
8.520E+2	5.04888724E-4
8.530E+2	5.42993358E-4
8.540E+2	5.81098243E-4
8.550E+2	6.19202878E-4
8.560E+2	6.62070748E-4
8.570E+2	7.04938869E-4
8.580E+2	7.47806489E-4
8.590E+2	7.90674609E-4
8.600E+2	8.33542480E-4
8.610E+2	8.81173336E-4
8.620E+2	9.28803941E-4
8.630E+2	9.76435548E-4
8.640E+2	1.02406640E-3
8.650E+2	1.07169726E-3
8.660E+2	1.13361757E-3
8.670E+2	1.19553814E-3
8.680E+2	1.25745870E-3
8.690E+2	1.31937851E-3
8.700E+2	1.38129907E-3
8.710E+2	1.46227158E-3
8.720E+2	1.54324483E-3
8.730E+2	1.62421734E-3
8.740E+2	1.70518984E-3
8.750E+2	1.78616235E-3
8.760E+2	1.89095078E-3
8.770E+2	1.99573897E-3
8.780E+2	2.10052740E-3
8.790E+2	2.20531583E-3
8.800E+2	2.31010402E-3
8.810E+2	2.42441817E-3
8.820E+2	2.53873182E-3
8.830E+2	2.65304748E-3
8.840E+2	2.76736063E-3
8.850E+2	2.88167629E-3
8.860E+2	3.01980437E-3
8.870E+2	3.15793495E-3
8.880E+2	3.29606554E-3
8.890E+2	3.43419362E-3
8.900E+2	3.57232420E-3
8.910E+2	3.73426971E-3
8.920E+2	3.89621522E-3
8.930E+2	4.05816073E-3
8.940E+2	4.22010624E-3
8.950E+2	4.38205175E-3
8.960E+2	4.56781219E-3
8.970E+2	4.75357513E-3
8.980E+2	4.93933557E-3
8.990E+2	5.12509601E-3
9.000E+2	5.31085644E-3
9.010E+2	5.53472127E-3
9.020E+2	5.75858859E-3
9.030E+2	5.98245341E-3
9.040E+2	6.20631823E-3
9.050E+2	6.43018556E-3
9.060E+2	6.69215477E-3
9.070E+2	6.95412648E-3
9.080E+2	7.21609568E-3
9.090E+2	7.47806739E-3
9.100E+2	7.74003910E-3
9.110E+2	8.01153378E-3
9.120E+2	8.28303096E-3
9.130E+2	8.55452814E-3
9.140E+2	8.82602281E-3
9.150E+2	9.09751999E-3
9.160E+2	9.44998742E-3
9.170E+2	9.80246237E-3
9.180E+2	1.01549298E-2
9.190E+2	1.05074022E-2
9.200E+2	1.08598697E-2
9.210E+2	1.12694999E-2
9.220E+2	1.16791277E-2
9.230E+2	1.20887480E-2
9.240E+2	1.24983782E-2
9.250E+2	1.29080060E-2
9.260E+2	1.32414225E-2
9.270E+2	1.35748315E-2
9.280E+2	1.39876410E-2
9.290E+2	1.44004431E-2
9.300E+2	1.48132452E-2
9.310E+2	1.51228468E-2
9.320E+2	1.54324509E-2
9.330E+2	1.56467827E-2
9.340E+2	1.58611271E-2
9.350E+2	1.61469137E-2
9.360E+2	1.64565077E-2
9.370E+2	1.67661118E-2
9.380E+2	1.69407621E-2
9.390E+2	1.71154049E-2
9.400E+2	1.72900577E-2
9.410E+2	1.73615025E-2
9.420E+2	1.74329473E-2
9.430E+2	1.74329473E-2
9.440E+2	1.74329473E-2
9.450E+2	1.73376876E-2
9.460E+2	1.71947980E-2
9.470E+2	1.70042686E-2
9.480E+2	1.67661118E-2
9.490E+2	1.65755924E-2
9.500E+2	1.62898058E-2
9.510E+2	1.58611271E-2
9.520E+2	1.55753379E-2
9.530E+2	1.48608726E-2
9.540E+2	1.46227158E-2
9.550E+2	1.38606206E-2
9.560E+2	1.32890523E-2
9.570E+2	1.29080060E-2
9.580E+2	1.20982709E-2
9.590E+2	1.17172246E-2
9.600E+2	1.10503966E-2
9.610E+2	1.02406640E-2
9.620E+2	9.90724504E-3
9.630E+2	9.07370507E-3
9.640E+2	8.66884379E-3
9.650E+2	7.93056353E-3
9.660E+2	7.23991061E-3
9.670E+2	6.78741948E-3
9.680E+2	6.16821385E-3
9.690E+2	5.93005957E-3
9.700E+2	5.26322659E-3
9.710E+2	4.78691553E-3
9.720E+2	4.47731396E-3
9.730E+2	4.03672654E-3
9.740E+2	3.71521877E-3
9.750E+2	3.32226371E-3
9.760E+2	2.96502979E-3
9.770E+2	2.71496679E-3
9.780E+2	2.46490455E-3
9.790E+2	2.31010402E-3
9.800E+2	1.98859449E-3
9.810E+2	1.77425489E-3
9.820E+2	1.63136207E-3
9.830E+2	1.49442261E-3
9.840E+2	1.35748340E-3
9.850E+2	1.22649854E-3
9.860E+2	1.09551294E-3
9.870E+2	9.64527333E-4
9.880E+2	9.04989014E-4
9.890E+2	8.45450444E-4
9.900E+2	7.44234375E-4
9.910E+2	6.43018556E-4
9.920E+2	6.31110842E-4
9.930E+2	5.77526129E-4
9.940E+2	5.23941166E-4
9.950E+2	4.84248619E-4
9.960E+2	4.44556073E-4
9.970E+2	4.04863526E-4
9.980E+2	3.77078693E-4
9.990E+2	3.49294111E-4
1.000E+3	3.21509278E-4
1.001E+3	3.15555421E-4
1.002E+3	3.09601564E-4
1.003E+3	2.73878422E-4
1.004E+3	2.56016601E-4
1.005E+3	2.38155055E-4
1.006E+3	2.20293409E-4
1.007E+3	2.02431788E-4
1.008E+3	2.02431788E-4
1.009E+3	2.02431788E-4
1.010E+3	2.02431788E-4
1.011E+3	1.66708521E-4
1.012E+3	1.66708521E-4
1.013E+3	1.66708521E-4
1.014E+3	1.54800807E-4
1.015E+3	1.78616260E-4
1.016E+3	1.78616260E-4
1.017E+3	1.66708521E-4
1.018E+3	1.54800807E-4
1.019E+3	1.42893068E-4
