WAVELENGTH (nm)	SPECTRAL IRRADIANCE (W.m-2.nm-1)
3.410E+2	0.00000000E+0
3.420E+2	0.00000000E+0
3.430E+2	0.00000000E+0
3.440E+2	0.00000000E+0
3.450E+2	0.00000000E+0
3.460E+2	0.00000000E+0
3.470E+2	0.00000000E+0
3.480E+2	0.00000000E+0
3.490E+2	2.59841883E-6
3.500E+2	8.52767290E-6
3.510E+2	7.58645497E-6
3.520E+2	9.99327907E-6
3.530E+2	1.20664074E-5
3.540E+2	1.93636336E-5
3.550E+2	2.59822549E-6
3.560E+2	5.02328255E-6
3.570E+2	5.07175008E-6
3.580E+2	9.93804978E-6
3.590E+2	5.65323652E-6
3.600E+2	1.03246548E-5
3.610E+2	2.94455245E-6
3.620E+2	1.74961490E-6
3.630E+2	7.83643678E-6
3.640E+2	1.94600333E-6
3.650E+2	2.87102080E-6
3.660E+2	3.20162320E-6
3.670E+2	4.61664012E-6
3.680E+2	0.00000000E+0
3.690E+2	8.69413411E-6
3.700E+2	7.17019041E-6
3.710E+2	5.18925298E-6
3.720E+2	2.33419469E-7
3.730E+2	2.65409923E-6
3.740E+2	5.91533397E-6
3.750E+2	6.81678939E-6
3.760E+2	1.46973065E-6
3.770E+2	1.13192976E-5
3.780E+2	1.28954912E-5
3.790E+2	8.74801005E-6
3.800E+2	6.31585910E-6
3.810E+2	1.30330167E-5
3.820E+2	8.62466249E-6
3.830E+2	6.85471274E-6
3.840E+2	1.21392649E-5
3.850E+2	8.09924313E-6
3.860E+2	1.06146569E-5
3.870E+2	7.30403754E-7
3.880E+2	8.60583466E-6
3.890E+2	5.03114979E-6
3.900E+2	1.23229031E-5
3.910E+2	6.34350596E-6
3.920E+2	7.33853539E-6
3.930E+2	1.27117588E-6
3.940E+2	1.65858002E-5
3.950E+2	2.75102438E-6
3.960E+2	3.89829748E-6
3.970E+2	1.62128575E-5
3.980E+2	1.27293522E-5
3.990E+2	2.47673395E-5
4.000E+2	2.69654909E-5
4.010E+2	3.16514093E-5
4.020E+2	3.91149034E-5
4.030E+2	3.88933418E-5
4.040E+2	4.50716110E-5
4.050E+2	4.83636504E-5
4.060E+2	4.75585600E-5
4.070E+2	6.12524592E-5
4.080E+2	7.31070312E-5
4.090E+2	6.54714544E-5
4.100E+2	8.69003789E-5
4.110E+2	9.14080823E-5
4.120E+2	1.10169478E-4
4.130E+2	1.32270538E-4
4.140E+2	1.37328433E-4
4.150E+2	1.48517371E-4
4.160E+2	1.54388776E-4
4.170E+2	1.73319176E-4
4.180E+2	1.94964933E-4
4.190E+2	1.94074381E-4
4.200E+2	2.10416567E-4
4.210E+2	2.12560476E-4
4.220E+2	2.10308096E-4
4.230E+2	2.03920778E-4
4.240E+2	1.96249062E-4
4.250E+2	2.02513977E-4
4.260E+2	1.80639944E-4
4.270E+2	1.74310715E-4
4.280E+2	1.61377469E-4
4.290E+2	1.36302951E-4
4.300E+2	1.36260923E-4
4.310E+2	1.37035563E-4
4.320E+2	1.24893420E-4
4.330E+2	1.23400021E-4
4.340E+2	1.22108865E-4
4.350E+2	1.14731747E-4
4.360E+2	1.12951580E-4
4.370E+2	1.11648940E-4
4.380E+2	1.04209890E-4
4.390E+2	1.01067829E-4
4.400E+2	1.07792299E-4
4.410E+2	9.54118513E-5
4.420E+2	8.52211329E-5
4.430E+2	8.06861246E-5
4.440E+2	7.49297614E-5
4.450E+2	7.02660591E-5
4.460E+2	6.98058258E-5
4.470E+2	5.62285074E-5
4.480E+2	5.46356225E-5
4.490E+2	4.84063477E-5
4.500E+2	5.25536677E-5
4.510E+2	3.73687115E-5
4.520E+2	3.52161152E-5
4.530E+2	3.67951097E-5
4.540E+2	3.57038541E-5
4.550E+2	2.64892827E-5
4.560E+2	3.15412085E-5
4.570E+2	3.73406706E-5
4.580E+2	2.79818120E-5
4.590E+2	2.87286789E-5
4.600E+2	2.68914933E-5
4.610E+2	2.78663019E-5
4.620E+2	2.28427517E-5
4.630E+2	4.05545408E-5
4.640E+2	4.60231996E-5
4.650E+2	3.03499022E-5
4.660E+2	4.04552262E-5
4.670E+2	4.06414745E-5
4.680E+2	3.64214085E-5
4.690E+2	4.73733156E-5
4.700E+2	4.85350417E-5
4.710E+2	4.45880319E-5
4.720E+2	6.69069648E-5
4.730E+2	6.81268475E-5
4.740E+2	7.27481871E-5
4.750E+2	8.48482348E-5
4.760E+2	9.93729900E-5
4.770E+2	1.01058262E-4
4.780E+2	1.47944572E-4
4.790E+2	1.62541404E-4
4.800E+2	1.73951470E-4
4.810E+2	2.16665768E-4
4.820E+2	2.51515342E-4
4.830E+2	2.98492002E-4
4.840E+2	3.33326452E-4
4.850E+2	4.09310996E-4
4.860E+2	4.98443075E-4
4.870E+2	5.73337701E-4
4.880E+2	6.79005050E-4
4.890E+2	7.16866857E-4
4.900E+2	8.48597523E-4
4.910E+2	1.05736202E-3
4.920E+2	1.28900509E-3
4.930E+2	1.57165943E-3
4.940E+2	1.92017579E-3
4.950E+2	2.04468422E-3
4.960E+2	2.31888736E-3
4.970E+2	2.57993831E-3
4.980E+2	3.04526265E-3
4.990E+2	3.40040676E-3
5.000E+2	3.94236355E-3
5.010E+2	4.24275907E-3
5.020E+2	4.85296021E-3
5.030E+2	5.20696243E-3
5.040E+2	5.78056481E-3
5.050E+2	6.33280948E-3
5.060E+2	6.85666410E-3
5.070E+2	7.42383553E-3
5.080E+2	7.92822637E-3
5.090E+2	8.19438927E-3
5.100E+2	8.67699288E-3
5.110E+2	8.94705850E-3
5.120E+2	9.17823242E-3
5.130E+2	9.50356822E-3
5.140E+2	9.65841948E-3
5.150E+2	9.79554226E-3
5.160E+2	9.96875937E-3
5.170E+2	1.01164146E-2
5.180E+2	1.02423128E-2
5.190E+2	1.03041979E-2
5.200E+2	1.03771012E-2
5.210E+2	1.04873033E-2
5.220E+2	1.05596432E-2
5.230E+2	1.05944701E-2
5.240E+2	1.06223237E-2
5.250E+2	1.06580586E-2
5.260E+2	1.06728222E-2
5.270E+2	1.06883302E-2
5.280E+2	1.06664782E-2
5.290E+2	1.06647909E-2
5.300E+2	1.07489044E-2
5.310E+2	1.06938707E-2
5.320E+2	1.06823456E-2
5.330E+2	1.07331874E-2
5.340E+2	1.06576561E-2
5.350E+2	1.07199615E-2
5.360E+2	1.06383555E-2
5.370E+2	1.06526559E-2
5.380E+2	1.06780309E-2
5.390E+2	1.06229818E-2
5.400E+2	1.06343997E-2
5.410E+2	1.06088299E-2
5.420E+2	1.06333994E-2
5.430E+2	1.05987683E-2
5.440E+2	1.06401165E-2
5.450E+2	1.05931713E-2
5.460E+2	1.06428035E-2
5.470E+2	1.06261599E-2
5.480E+2	1.06169948E-2
5.490E+2	1.05846504E-2
5.500E+2	1.05816020E-2
5.510E+2	1.06041418E-2
5.520E+2	1.06275780E-2
5.530E+2	1.06061571E-2
5.540E+2	1.06043669E-2
5.550E+2	1.06045757E-2
5.560E+2	1.06025596E-2
5.570E+2	1.05817219E-2
5.580E+2	1.05921265E-2
5.590E+2	1.05764370E-2
5.600E+2	1.04877111E-2
5.610E+2	1.04802847E-2
5.620E+2	1.04777248E-2
5.630E+2	1.04157631E-2
5.640E+2	1.03476657E-2
5.650E+2	1.03756552E-2
5.660E+2	1.02692836E-2
5.670E+2	1.02560728E-2
5.680E+2	1.02407271E-2
5.690E+2	1.01733474E-2
5.700E+2	1.00855418E-2
5.710E+2	1.00314798E-2
5.720E+2	1.00343606E-2
5.730E+2	9.90577902E-3
5.740E+2	9.85144462E-3
5.750E+2	9.82089687E-3
5.760E+2	9.77959999E-3
5.770E+2	9.65571929E-3
5.780E+2	9.60501276E-3
5.790E+2	9.52647601E-3
5.800E+2	9.39079410E-3
5.810E+2	9.33295202E-3
5.820E+2	9.27012339E-3
5.830E+2	9.12247998E-3
5.840E+2	9.05074010E-3
5.850E+2	8.95402179E-3
5.860E+2	8.92559254E-3
5.870E+2	8.83702910E-3
5.880E+2	8.68183293E-3
5.890E+2	8.62954255E-3
5.900E+2	8.53553183E-3
5.910E+2	8.48509339E-3
5.920E+2	8.35157447E-3
5.930E+2	8.30051090E-3
5.940E+2	8.02984756E-3
5.950E+2	8.05513113E-3
5.960E+2	7.90865934E-3
5.970E+2	7.87727789E-3
5.980E+2	7.69288588E-3
5.990E+2	7.63823503E-3
6.000E+2	7.54692652E-3
6.010E+2	7.35063483E-3
6.020E+2	7.25260905E-3
6.030E+2	7.13021264E-3
6.040E+2	6.91342636E-3
6.050E+2	6.73961983E-3
6.060E+2	6.61042295E-3
6.070E+2	6.45675091E-3
6.080E+2	6.25976111E-3
6.090E+2	6.15771264E-3
6.100E+2	6.00320169E-3
6.110E+2	5.82956482E-3
6.120E+2	5.63470458E-3
6.130E+2	5.49697192E-3
6.140E+2	5.42233633E-3
6.150E+2	5.20850589E-3
6.160E+2	5.07425435E-3
6.170E+2	4.82500436E-3
6.180E+2	4.73652892E-3
6.190E+2	4.57718349E-3
6.200E+2	4.38686237E-3
6.210E+2	4.24673502E-3
6.220E+2	4.16231852E-3
6.230E+2	4.06157716E-3
6.240E+2	3.90723659E-3
6.250E+2	3.73566801E-3
6.260E+2	3.62452391E-3
6.270E+2	3.48708532E-3
6.280E+2	3.36920787E-3
6.290E+2	3.23486527E-3
6.300E+2	3.11955376E-3
6.310E+2	3.02479790E-3
6.320E+2	2.99966972E-3
6.330E+2	2.85185593E-3
6.340E+2	2.73866384E-3
6.350E+2	2.66320370E-3
6.360E+2	2.57345465E-3
6.370E+2	2.55381650E-3
6.380E+2	2.50099610E-3
6.390E+2	2.41589687E-3
6.400E+2	2.37895863E-3
6.410E+2	2.29728160E-3
6.420E+2	2.14784698E-3
6.430E+2	2.17187025E-3
6.440E+2	2.07325837E-3
6.450E+2	1.99069274E-3
6.460E+2	1.97821474E-3
6.470E+2	1.87687352E-3
6.480E+2	1.83694407E-3
6.490E+2	1.79362385E-3
6.500E+2	1.77860282E-3
6.510E+2	1.70819764E-3
6.520E+2	1.67280796E-3
6.530E+2	1.59835372E-3
6.540E+2	1.52991131E-3
6.550E+2	1.52086324E-3
6.560E+2	1.45975487E-3
6.570E+2	1.44604009E-3
6.580E+2	1.38623846E-3
6.590E+2	1.34584233E-3
6.600E+2	1.28567966E-3
6.610E+2	1.25506247E-3
6.620E+2	1.23743425E-3
6.630E+2	1.18417594E-3
6.640E+2	1.12367752E-3
6.650E+2	1.09569971E-3
6.660E+2	1.06698639E-3
6.670E+2	1.03417707E-3
6.680E+2	1.01288759E-3
6.690E+2	9.44936164E-4
6.700E+2	9.15196171E-4
6.710E+2	8.96585148E-4
6.720E+2	8.58230428E-4
6.730E+2	8.12899525E-4
6.740E+2	7.66979930E-4
6.750E+2	7.59142611E-4
6.760E+2	7.19829825E-4
6.770E+2	7.08764404E-4
6.780E+2	6.81960241E-4
6.790E+2	6.38298811E-4
6.800E+2	6.09110326E-4
6.810E+2	5.88617593E-4
6.820E+2	5.62186196E-4
6.830E+2	5.39033286E-4
6.840E+2	5.08157518E-4
6.850E+2	5.14403180E-4
6.860E+2	4.83803545E-4
6.870E+2	4.42996845E-4
6.880E+2	4.46793402E-4
6.890E+2	4.27453237E-4
6.900E+2	4.02499338E-4
6.910E+2	3.99189607E-4
6.920E+2	3.77886103E-4
6.930E+2	3.75273890E-4
6.940E+2	3.61790154E-4
6.950E+2	3.44721463E-4
6.960E+2	3.36982114E-4
6.970E+2	3.33315151E-4
6.980E+2	3.25218721E-4
6.990E+2	3.10762545E-4
7.000E+2	2.93482706E-4
7.010E+2	2.81947028E-4
7.020E+2	2.91278110E-4
7.030E+2	2.70430466E-4
7.040E+2	2.71601573E-4
7.050E+2	2.55181549E-4
7.060E+2	2.34926894E-4
7.070E+2	2.41108554E-4
7.080E+2	2.29815645E-4
7.090E+2	2.29160926E-4
7.100E+2	2.24332336E-4
7.110E+2	2.18677508E-4
7.120E+2	2.15245839E-4
7.130E+2	1.86267971E-4
7.140E+2	1.94659481E-4
7.150E+2	1.87704730E-4
7.160E+2	1.71194242E-4
7.170E+2	1.78804225E-4
7.180E+2	1.65775086E-4
7.190E+2	1.75964449E-4
7.200E+2	1.51268471E-4
7.210E+2	1.61785502E-4
7.220E+2	1.39919950E-4
7.230E+2	1.45297855E-4
7.240E+2	1.43109551E-4
7.250E+2	1.43839012E-4
7.260E+2	1.32934996E-4
7.270E+2	1.32562634E-4
7.280E+2	1.38172819E-4
7.290E+2	1.23444514E-4
7.300E+2	1.12543462E-4
7.310E+2	1.09425989E-4
7.320E+2	1.11826071E-4
7.330E+2	1.09065968E-4
7.340E+2	1.06521674E-4
7.350E+2	1.06402166E-4
7.360E+2	1.04654956E-4
7.370E+2	8.53862150E-5
7.380E+2	9.28836130E-5
7.390E+2	9.79886518E-5
7.400E+2	9.49025813E-5
7.410E+2	8.38929679E-5
7.420E+2	6.75749714E-5
7.430E+2	7.57505789E-5
7.440E+2	6.15872717E-5
7.450E+2	6.93908328E-5
7.460E+2	6.58455571E-5
7.470E+2	6.93051767E-5
7.480E+2	6.25542442E-5
7.490E+2	5.99750709E-5
7.500E+2	5.07573278E-5
7.510E+2	6.13830575E-5
7.520E+2	5.59221070E-5
7.530E+2	6.30116302E-5
7.540E+2	5.81441031E-5
7.550E+2	5.05269606E-5
7.560E+2	5.19691147E-5
7.570E+2	5.76697124E-5
7.580E+2	4.11469481E-5
7.590E+2	4.24357438E-5
7.600E+2	5.23083381E-5
7.610E+2	4.39631585E-5
7.620E+2	3.54475368E-5
7.630E+2	2.69331806E-5
7.640E+2	3.36834804E-5
7.650E+2	3.52278207E-5
7.660E+2	2.91131452E-5
7.670E+2	2.99305369E-5
7.680E+2	4.13847762E-5
7.690E+2	3.17500100E-5
7.700E+2	1.77043119E-5
7.710E+2	3.32180835E-5
7.720E+2	2.84596462E-5
7.730E+2	3.44974900E-5
7.740E+2	3.48715927E-5
7.750E+2	2.72378410E-5
7.760E+2	2.49987611E-5
7.770E+2	3.15126226E-5
7.780E+2	4.26009772E-5
7.790E+2	2.29128815E-5
7.800E+2	2.13342946E-5
7.810E+2	2.48291099E-5
7.820E+2	2.25557834E-5
7.830E+2	2.16071602E-5
7.840E+2	1.89490687E-5
7.850E+2	2.77811995E-5
7.860E+2	1.90111405E-5
7.870E+2	2.30719872E-5
7.880E+2	9.17500362E-6
7.890E+2	1.98374694E-5
7.900E+2	1.29959884E-5
7.910E+2	2.14363753E-5
7.920E+2	8.23390537E-6
7.930E+2	1.82378179E-5
7.940E+2	1.72299212E-5
7.950E+2	1.28534731E-5
7.960E+2	7.15004323E-6
7.970E+2	1.92514166E-5
7.980E+2	1.48795935E-5
7.990E+2	1.75979904E-5
8.000E+2	9.97416655E-6
8.010E+2	1.15206235E-5
8.020E+2	5.76366748E-6
8.030E+2	1.12897818E-5
8.040E+2	1.16804561E-5
8.050E+2	8.71398314E-6
8.060E+2	1.31733869E-5
8.070E+2	1.25338080E-5
8.080E+2	1.46846293E-5
8.090E+2	2.02172893E-6
8.100E+2	1.09881796E-5
8.110E+2	1.56614392E-5
8.120E+2	9.17533505E-6
8.130E+2	1.10627392E-5
8.140E+2	1.17343965E-5
8.150E+2	1.47195124E-5
8.160E+2	9.75401353E-6
8.170E+2	1.29248965E-5
8.180E+2	6.63466807E-6
8.190E+2	1.02061682E-5
8.200E+2	9.65499853E-6
8.210E+2	6.88305487E-6
8.220E+2	7.31004154E-6
8.230E+2	6.13702447E-6
8.240E+2	1.42724534E-5
8.250E+2	9.42077626E-6
8.260E+2	8.99760519E-6
8.270E+2	9.28247011E-6
8.280E+2	1.17346450E-5
8.290E+2	7.25689658E-6
8.300E+2	1.17346450E-5
8.310E+2	1.47909357E-5
8.320E+2	1.73348756E-6
8.330E+2	1.15472457E-5
8.340E+2	2.59157478E-5
8.350E+2	0.00000000E+0
8.360E+2	0.00000000E+0
8.370E+2	0.00000000E+0
8.380E+2	0.00000000E+0
8.390E+2	0.00000000E+0
8.400E+2	0.00000000E+0
8.410E+2	0.00000000E+0
8.420E+2	0.00000000E+0
8.430E+2	0.00000000E+0
8.440E+2	0.00000000E+0
8.450E+2	0.00000000E+0
8.460E+2	0.00000000E+0
8.470E+2	0.00000000E+0
8.480E+2	0.00000000E+0
8.490E+2	0.00000000E+0
8.500E+2	0.00000000E+0
8.510E+2	0.00000000E+0
8.520E+2	0.00000000E+0
8.530E+2	0.00000000E+0
8.540E+2	0.00000000E+0
8.550E+2	0.00000000E+0
8.560E+2	0.00000000E+0
8.570E+2	0.00000000E+0
8.580E+2	0.00000000E+0
8.590E+2	0.00000000E+0
8.600E+2	0.00000000E+0
8.610E+2	0.00000000E+0
8.620E+2	0.00000000E+0
8.630E+2	0.00000000E+0
8.640E+2	0.00000000E+0
8.650E+2	0.00000000E+0
8.660E+2	0.00000000E+0
8.670E+2	0.00000000E+0
8.680E+2	0.00000000E+0
8.690E+2	0.00000000E+0
8.700E+2	0.00000000E+0
8.710E+2	0.00000000E+0
8.720E+2	0.00000000E+0
8.730E+2	0.00000000E+0
8.740E+2	0.00000000E+0
8.750E+2	0.00000000E+0
8.760E+2	0.00000000E+0
8.770E+2	0.00000000E+0
8.780E+2	0.00000000E+0
8.790E+2	0.00000000E+0
8.800E+2	0.00000000E+0
8.810E+2	0.00000000E+0
8.820E+2	0.00000000E+0
8.830E+2	0.00000000E+0
8.840E+2	0.00000000E+0
8.850E+2	0.00000000E+0
8.860E+2	0.00000000E+0
8.870E+2	0.00000000E+0
8.880E+2	0.00000000E+0
8.890E+2	0.00000000E+0
8.900E+2	0.00000000E+0
8.910E+2	0.00000000E+0
8.920E+2	0.00000000E+0
8.930E+2	0.00000000E+0
8.940E+2	0.00000000E+0
8.950E+2	0.00000000E+0
8.960E+2	0.00000000E+0
8.970E+2	0.00000000E+0
8.980E+2	0.00000000E+0
8.990E+2	0.00000000E+0
9.000E+2	0.00000000E+0
9.010E+2	0.00000000E+0
9.020E+2	0.00000000E+0
9.030E+2	0.00000000E+0
9.040E+2	0.00000000E+0
9.050E+2	0.00000000E+0
9.060E+2	0.00000000E+0
9.070E+2	0.00000000E+0
9.080E+2	0.00000000E+0
9.090E+2	0.00000000E+0
9.100E+2	0.00000000E+0
9.110E+2	0.00000000E+0
9.120E+2	0.00000000E+0
9.130E+2	0.00000000E+0
9.140E+2	0.00000000E+0
9.150E+2	0.00000000E+0
9.160E+2	0.00000000E+0
9.170E+2	0.00000000E+0
9.180E+2	0.00000000E+0
9.190E+2	0.00000000E+0
9.200E+2	0.00000000E+0
9.210E+2	0.00000000E+0
9.220E+2	0.00000000E+0
9.230E+2	0.00000000E+0
9.240E+2	0.00000000E+0
9.250E+2	0.00000000E+0
9.260E+2	0.00000000E+0
9.270E+2	0.00000000E+0
9.280E+2	0.00000000E+0
9.290E+2	0.00000000E+0
9.300E+2	0.00000000E+0
9.310E+2	0.00000000E+0
9.320E+2	0.00000000E+0
9.330E+2	0.00000000E+0
9.340E+2	0.00000000E+0
9.350E+2	0.00000000E+0
9.360E+2	0.00000000E+0
9.370E+2	0.00000000E+0
9.380E+2	0.00000000E+0
9.390E+2	0.00000000E+0
9.400E+2	0.00000000E+0
9.410E+2	0.00000000E+0
9.420E+2	0.00000000E+0
9.430E+2	0.00000000E+0
9.440E+2	0.00000000E+0
9.450E+2	0.00000000E+0
9.460E+2	0.00000000E+0
9.470E+2	0.00000000E+0
9.480E+2	0.00000000E+0
9.490E+2	0.00000000E+0
9.500E+2	0.00000000E+0
9.510E+2	0.00000000E+0
9.520E+2	0.00000000E+0
9.530E+2	0.00000000E+0
9.540E+2	0.00000000E+0
9.550E+2	0.00000000E+0
9.560E+2	0.00000000E+0
9.570E+2	0.00000000E+0
9.580E+2	0.00000000E+0
9.590E+2	0.00000000E+0
9.600E+2	0.00000000E+0
9.610E+2	0.00000000E+0
9.620E+2	0.00000000E+0
9.630E+2	0.00000000E+0
9.640E+2	0.00000000E+0
9.650E+2	0.00000000E+0
9.660E+2	0.00000000E+0
9.670E+2	0.00000000E+0
9.680E+2	0.00000000E+0
9.690E+2	0.00000000E+0
9.700E+2	0.00000000E+0
9.710E+2	0.00000000E+0
9.720E+2	0.00000000E+0
9.730E+2	0.00000000E+0
9.740E+2	0.00000000E+0
9.750E+2	0.00000000E+0
9.760E+2	0.00000000E+0
9.770E+2	0.00000000E+0
9.780E+2	0.00000000E+0
9.790E+2	0.00000000E+0
9.800E+2	0.00000000E+0
9.810E+2	0.00000000E+0
9.820E+2	0.00000000E+0
9.830E+2	0.00000000E+0
9.840E+2	0.00000000E+0
9.850E+2	0.00000000E+0
9.860E+2	0.00000000E+0
9.870E+2	0.00000000E+0
9.880E+2	0.00000000E+0
9.890E+2	0.00000000E+0
9.900E+2	0.00000000E+0
9.910E+2	0.00000000E+0
9.920E+2	0.00000000E+0
9.930E+2	0.00000000E+0
9.940E+2	0.00000000E+0
9.950E+2	0.00000000E+0
9.960E+2	0.00000000E+0
9.970E+2	0.00000000E+0
9.980E+2	0.00000000E+0
9.990E+2	0.00000000E+0
1.000E+3	0.00000000E+0
1.001E+3	0.00000000E+0
1.002E+3	0.00000000E+0
1.003E+3	0.00000000E+0
1.004E+3	0.00000000E+0
1.005E+3	0.00000000E+0
1.006E+3	0.00000000E+0
1.007E+3	0.00000000E+0
1.008E+3	0.00000000E+0
1.009E+3	0.00000000E+0
1.010E+3	0.00000000E+0
1.011E+3	0.00000000E+0
1.012E+3	0.00000000E+0
1.013E+3	0.00000000E+0
1.014E+3	0.00000000E+0
1.015E+3	0.00000000E+0
1.016E+3	0.00000000E+0
1.017E+3	0.00000000E+0
1.018E+3	0.00000000E+0
1.019E+3	0.00000000E+0
