WAVELENGTH (nm)	SPECTRAL IRRADIANCE (W.m-2.nm-1)
3.410E+2	0.00000000E+0
3.420E+2	0.00000000E+0
3.430E+2	0.00000000E+0
3.440E+2	0.00000000E+0
3.450E+2	0.00000000E+0
3.460E+2	0.00000000E+0
3.470E+2	0.00000000E+0
3.480E+2	0.00000000E+0
3.490E+2	0.00000000E+0
3.500E+2	0.00000000E+0
3.510E+2	0.00000000E+0
3.520E+2	0.00000000E+0
3.530E+2	0.00000000E+0
3.540E+2	0.00000000E+0
3.550E+2	0.00000000E+0
3.560E+2	0.00000000E+0
3.570E+2	0.00000000E+0
3.580E+2	0.00000000E+0
3.590E+2	0.00000000E+0
3.600E+2	0.00000000E+0
3.610E+2	0.00000000E+0
3.620E+2	0.00000000E+0
3.630E+2	0.00000000E+0
3.640E+2	0.00000000E+0
3.650E+2	0.00000000E+0
3.660E+2	0.00000000E+0
3.670E+2	0.00000000E+0
3.680E+2	0.00000000E+0
3.690E+2	0.00000000E+0
3.700E+2	0.00000000E+0
3.710E+2	0.00000000E+0
3.720E+2	1.20275215E-7
3.730E+2	0.00000000E+0
3.740E+2	1.79316921E-6
3.750E+2	0.00000000E+0
3.760E+2	0.00000000E+0
3.770E+2	0.00000000E+0
3.780E+2	0.00000000E+0
3.790E+2	0.00000000E+0
3.800E+2	0.00000000E+0
3.810E+2	0.00000000E+0
3.820E+2	0.00000000E+0
3.830E+2	0.00000000E+0
3.840E+2	0.00000000E+0
3.850E+2	0.00000000E+0
3.860E+2	0.00000000E+0
3.870E+2	0.00000000E+0
3.880E+2	0.00000000E+0
3.890E+2	0.00000000E+0
3.900E+2	0.00000000E+0
3.910E+2	0.00000000E+0
3.920E+2	0.00000000E+0
3.930E+2	0.00000000E+0
3.940E+2	0.00000000E+0
3.950E+2	0.00000000E+0
3.960E+2	0.00000000E+0
3.970E+2	0.00000000E+0
3.980E+2	2.05481575E-8
3.990E+2	0.00000000E+0
4.000E+2	0.00000000E+0
4.010E+2	0.00000000E+0
4.020E+2	0.00000000E+0
4.030E+2	0.00000000E+0
4.040E+2	0.00000000E+0
4.050E+2	0.00000000E+0
4.060E+2	0.00000000E+0
4.070E+2	1.67151358E-7
4.080E+2	0.00000000E+0
4.090E+2	0.00000000E+0
4.100E+2	0.00000000E+0
4.110E+2	0.00000000E+0
4.120E+2	0.00000000E+0
4.130E+2	0.00000000E+0
4.140E+2	0.00000000E+0
4.150E+2	0.00000000E+0
4.160E+2	0.00000000E+0
4.170E+2	2.87674205E-8
4.180E+2	0.00000000E+0
4.190E+2	0.00000000E+0
4.200E+2	0.00000000E+0
4.210E+2	0.00000000E+0
4.220E+2	0.00000000E+0
4.230E+2	0.00000000E+0
4.240E+2	0.00000000E+0
4.250E+2	0.00000000E+0
4.260E+2	3.21784146E-6
4.270E+2	0.00000000E+0
4.280E+2	0.00000000E+0
4.290E+2	0.00000000E+0
4.300E+2	3.92855481E-6
4.310E+2	3.68287788E-6
4.320E+2	0.00000000E+0
4.330E+2	9.96840910E-6
4.340E+2	1.80386901E-5
4.350E+2	2.38803099E-5
4.360E+2	2.80451528E-5
4.370E+2	2.55969768E-5
4.380E+2	3.49555455E-5
4.390E+2	3.59169148E-5
4.400E+2	4.64866447E-5
4.410E+2	3.85402665E-5
4.420E+2	5.30943842E-5
4.430E+2	4.95854860E-5
4.440E+2	3.59617256E-5
4.450E+2	4.24459180E-5
4.460E+2	3.68017501E-5
4.470E+2	3.18890650E-5
4.480E+2	3.00632558E-5
4.490E+2	2.29662410E-5
4.500E+2	3.00743703E-5
4.510E+2	2.72678634E-5
4.520E+2	2.24012694E-5
4.530E+2	3.46657691E-5
4.540E+2	2.11506927E-5
4.550E+2	3.59170571E-5
4.560E+2	2.61847226E-5
4.570E+2	2.59406105E-5
4.580E+2	2.53296189E-5
4.590E+2	1.48033510E-5
4.600E+2	1.82513635E-5
4.610E+2	1.84653172E-5
4.620E+2	2.11509772E-5
4.630E+2	9.98142557E-7
4.640E+2	7.61890116E-6
4.650E+2	1.35077502E-5
4.660E+2	6.68904171E-6
4.670E+2	8.09225958E-6
4.680E+2	5.13318264E-6
4.690E+2	1.15121052E-6
4.700E+2	4.47674014E-6
4.710E+2	4.87735998E-6
4.720E+2	2.84512950E-8
4.730E+2	2.61787478E-6
4.740E+2	4.97655826E-6
4.750E+2	4.27807897E-6
4.760E+2	0.00000000E+0
4.770E+2	5.70149726E-6
4.780E+2	3.69866835E-8
4.790E+2	0.00000000E+0
4.800E+2	1.55486327E-6
4.810E+2	2.84157309E-7
4.820E+2	5.34642510E-6
4.830E+2	4.37915220E-6
4.840E+2	1.12411067E-6
4.850E+2	4.12586454E-6
4.860E+2	8.26652376E-7
4.870E+2	2.45534676E-7
4.880E+2	7.03434939E-6
4.890E+2	3.12053804E-6
4.900E+2	1.28030827E-8
4.910E+2	0.00000000E+0
4.920E+2	0.00000000E+0
4.930E+2	0.00000000E+0
4.940E+2	2.63665264E-6
4.950E+2	0.00000000E+0
4.960E+2	0.00000000E+0
4.970E+2	6.13836690E-6
4.980E+2	0.00000000E+0
4.990E+2	0.00000000E+0
5.000E+2	0.00000000E+0
5.010E+2	0.00000000E+0
5.020E+2	2.76290526E-6
5.030E+2	8.70253986E-6
5.040E+2	0.00000000E+0
5.050E+2	2.94072585E-6
5.060E+2	9.49519294E-6
5.070E+2	4.24792060E-6
5.080E+2	3.72996477E-6
5.090E+2	7.17726593E-6
5.100E+2	2.69163476E-6
5.110E+2	1.85563614E-5
5.120E+2	7.57376318E-6
5.130E+2	1.73298147E-5
5.140E+2	1.59182862E-5
5.150E+2	2.93873995E-5
5.160E+2	3.17978786E-5
5.170E+2	3.49875533E-5
5.180E+2	5.13392949E-5
5.190E+2	5.84840097E-5
5.200E+2	7.11918944E-5
5.210E+2	7.92557767E-5
5.220E+2	8.42131303E-5
5.230E+2	1.01430949E-4
5.240E+2	1.08870969E-4
5.250E+2	1.39172827E-4
5.260E+2	1.50944431E-4
5.270E+2	1.69395312E-4
5.280E+2	1.85354992E-4
5.290E+2	2.15705672E-4
5.300E+2	2.56891380E-4
5.310E+2	2.84019036E-4
5.320E+2	3.35517154E-4
5.330E+2	3.54380511E-4
5.340E+2	4.07765906E-4
5.350E+2	4.80014880E-4
5.360E+2	5.17201957E-4
5.370E+2	5.68366376E-4
5.380E+2	6.55925618E-4
5.390E+2	7.29228741E-4
5.400E+2	8.10100539E-4
5.410E+2	8.98754069E-4
5.420E+2	1.01737606E-3
5.430E+2	1.10495017E-3
5.440E+2	1.24075381E-3
5.450E+2	1.40749421E-3
5.460E+2	1.54464749E-3
5.470E+2	1.71194196E-3
5.480E+2	1.87971371E-3
5.490E+2	2.06971655E-3
5.500E+2	2.28307960E-3
5.510E+2	2.51827718E-3
5.520E+2	2.76656361E-3
5.530E+2	3.01770430E-3
5.540E+2	3.30176647E-3
5.550E+2	3.66215354E-3
5.560E+2	3.95068925E-3
5.570E+2	4.33032123E-3
5.580E+2	4.66813297E-3
5.590E+2	5.05028634E-3
5.600E+2	5.44173779E-3
5.610E+2	5.86252341E-3
5.620E+2	6.17404756E-3
5.630E+2	6.55819984E-3
5.640E+2	7.03590941E-3
5.650E+2	7.36260112E-3
5.660E+2	7.76764760E-3
5.670E+2	8.11129731E-3
5.680E+2	8.50833279E-3
5.690E+2	8.81181289E-3
5.700E+2	9.03950723E-3
5.710E+2	9.27119674E-3
5.720E+2	9.44542651E-3
5.730E+2	9.70778386E-3
5.740E+2	9.80928775E-3
5.750E+2	9.92675281E-3
5.760E+2	1.00620796E-2
5.770E+2	1.02023402E-2
5.780E+2	1.02993871E-2
5.790E+2	1.03267644E-2
5.800E+2	1.03996542E-2
5.810E+2	1.05631675E-2
5.820E+2	1.05622848E-2
5.830E+2	1.06135127E-2
5.840E+2	1.06807008E-2
5.850E+2	1.07437964E-2
5.860E+2	1.07539165E-2
5.870E+2	1.07624845E-2
5.880E+2	1.08353044E-2
5.890E+2	1.08544213E-2
5.900E+2	1.09250526E-2
5.910E+2	1.09729165E-2
5.920E+2	1.10087248E-2
5.930E+2	1.09898678E-2
5.940E+2	1.09857188E-2
5.950E+2	1.09734749E-2
5.960E+2	1.10796047E-2
5.970E+2	1.09501978E-2
5.980E+2	1.09870913E-2
5.990E+2	1.09380931E-2
6.000E+2	1.09658730E-2
6.010E+2	1.08924476E-2
6.020E+2	1.08894675E-2
6.030E+2	1.08710798E-2
6.040E+2	1.08193037E-2
6.050E+2	1.07496468E-2
6.060E+2	1.07095045E-2
6.070E+2	1.06866500E-2
6.080E+2	1.06029132E-2
6.090E+2	1.04876774E-2
6.100E+2	1.04040563E-2
6.110E+2	1.02772025E-2
6.120E+2	1.02058102E-2
6.130E+2	1.01699980E-2
6.140E+2	1.00632912E-2
6.150E+2	9.89915435E-3
6.160E+2	9.73128427E-3
6.170E+2	9.56919776E-3
6.180E+2	9.49982068E-3
6.190E+2	9.25160120E-3
6.200E+2	9.18860548E-3
6.210E+2	8.93317937E-3
6.220E+2	8.71804502E-3
6.230E+2	8.62105353E-3
6.240E+2	8.31866158E-3
6.250E+2	8.26083721E-3
6.260E+2	7.97961459E-3
6.270E+2	7.63047070E-3
6.280E+2	7.53257111E-3
6.290E+2	7.22353535E-3
6.300E+2	6.97108428E-3
6.310E+2	6.81450464E-3
6.320E+2	6.62068539E-3
6.330E+2	6.40213842E-3
6.340E+2	6.14478713E-3
6.350E+2	6.05553010E-3
6.360E+2	5.86296941E-3
6.370E+2	5.73877614E-3
6.380E+2	5.64405078E-3
6.390E+2	5.36224908E-3
6.400E+2	5.40670069E-3
6.410E+2	5.16310422E-3
6.420E+2	5.12898640E-3
6.430E+2	4.88187282E-3
6.440E+2	4.73381728E-3
6.450E+2	4.43401910E-3
6.460E+2	4.37815369E-3
6.470E+2	4.27846074E-3
6.480E+2	4.12782669E-3
6.490E+2	3.97248200E-3
6.500E+2	3.84508353E-3
6.510E+2	3.74637424E-3
6.520E+2	3.59076502E-3
6.530E+2	3.47543884E-3
6.540E+2	3.38313310E-3
6.550E+2	3.28843980E-3
6.560E+2	3.14238262E-3
6.570E+2	3.08457567E-3
6.580E+2	2.95160716E-3
6.590E+2	2.83271947E-3
6.600E+2	2.78191714E-3
6.610E+2	2.64277138E-3
6.620E+2	2.53361587E-3
6.630E+2	2.47001688E-3
6.640E+2	2.33654435E-3
6.650E+2	2.22645547E-3
6.660E+2	2.15226390E-3
6.670E+2	2.08072287E-3
6.680E+2	2.01343452E-3
6.690E+2	1.89380938E-3
6.700E+2	1.80308603E-3
6.710E+2	1.74873192E-3
6.720E+2	1.71156947E-3
6.730E+2	1.63288602E-3
6.740E+2	1.51284420E-3
6.750E+2	1.47575179E-3
6.760E+2	1.39621932E-3
6.770E+2	1.33284561E-3
6.780E+2	1.23515473E-3
6.790E+2	1.18556134E-3
6.800E+2	1.16191865E-3
6.810E+2	1.08649235E-3
6.820E+2	1.01449560E-3
6.830E+2	9.84853668E-4
6.840E+2	9.34068540E-4
6.850E+2	9.06649427E-4
6.860E+2	8.87282797E-4
6.870E+2	8.31739653E-4
6.880E+2	7.69969319E-4
6.890E+2	7.50844470E-4
6.900E+2	6.99818767E-4
6.910E+2	6.80487596E-4
6.920E+2	6.66554150E-4
6.930E+2	6.25616324E-4
6.940E+2	5.83280481E-4
6.950E+2	5.82384037E-4
6.960E+2	5.70778982E-4
6.970E+2	5.33651749E-4
6.980E+2	5.22200672E-4
6.990E+2	5.01161762E-4
7.000E+2	4.87090580E-4
7.010E+2	4.72105667E-4
7.020E+2	4.50907685E-4
7.030E+2	4.18493312E-4
7.040E+2	4.20638455E-4
7.050E+2	3.92261263E-4
7.060E+2	3.75570905E-4
7.070E+2	3.67224538E-4
7.080E+2	3.63412900E-4
7.090E+2	3.37852507E-4
7.100E+2	3.27027491E-4
7.110E+2	3.00894068E-4
7.120E+2	2.95435718E-4
7.130E+2	2.78811409E-4
7.140E+2	2.79548716E-4
7.150E+2	2.56778621E-4
7.160E+2	2.57238444E-4
7.170E+2	2.47306313E-4
7.180E+2	2.28992759E-4
7.190E+2	2.33199833E-4
7.200E+2	2.14881367E-4
7.210E+2	2.08860019E-4
7.220E+2	2.05848715E-4
7.230E+2	2.02622047E-4
7.240E+2	1.80338242E-4
7.250E+2	1.86648675E-4
7.260E+2	1.68809877E-4
7.270E+2	1.72672252E-4
7.280E+2	1.59444885E-4
7.290E+2	1.59203953E-4
7.300E+2	1.50268237E-4
7.310E+2	1.25767669E-4
7.320E+2	1.47150153E-4
7.330E+2	1.12714144E-4
7.340E+2	1.10011006E-4
7.350E+2	1.14156625E-4
7.360E+2	1.14878790E-4
7.370E+2	9.11347678E-5
7.380E+2	9.62006826E-5
7.390E+2	9.69935426E-5
7.400E+2	8.74571987E-5
7.410E+2	8.59965610E-5
7.420E+2	8.30398119E-5
7.430E+2	8.01917532E-5
7.440E+2	8.24988816E-5
7.450E+2	6.52824210E-5
7.460E+2	7.38087763E-5
7.470E+2	5.63584590E-5
7.480E+2	5.91704557E-5
7.490E+2	5.21394552E-5
7.500E+2	5.08430400E-5
7.510E+2	4.72905010E-5
7.520E+2	3.91046755E-5
7.530E+2	4.36297440E-5
7.540E+2	3.94836209E-5
7.550E+2	3.89604274E-5
7.560E+2	3.91773039E-5
7.570E+2	3.40758315E-5
7.580E+2	3.30829912E-5
7.590E+2	2.98926376E-5
7.600E+2	2.45022488E-5
7.610E+2	3.51212097E-5
7.620E+2	2.72782675E-5
7.630E+2	1.92552674E-5
7.640E+2	1.99047200E-5
7.650E+2	1.98322597E-5
7.660E+2	9.78271359E-6
7.670E+2	1.65068927E-5
7.680E+2	1.79220656E-5
7.690E+2	1.79218975E-5
7.700E+2	2.11674790E-5
7.710E+2	1.97559086E-5
7.720E+2	1.18997929E-5
7.730E+2	5.98629472E-6
7.740E+2	1.69602437E-5
7.750E+2	9.37612427E-6
7.760E+2	3.10225808E-6
7.770E+2	5.14026837E-7
7.780E+2	1.82397188E-6
7.790E+2	5.26589500E-6
7.800E+2	7.50089941E-6
7.810E+2	0.00000000E+0
7.820E+2	0.00000000E+0
7.830E+2	0.00000000E+0
7.840E+2	0.00000000E+0
7.850E+2	3.63982590E-6
7.860E+2	9.05207048E-6
7.870E+2	5.84741853E-7
7.880E+2	4.60827657E-6
7.890E+2	0.00000000E+0
7.900E+2	2.07741872E-6
7.910E+2	9.68866174E-6
7.920E+2	0.00000000E+0
7.930E+2	0.00000000E+0
7.940E+2	9.32266170E-6
7.950E+2	0.00000000E+0
7.960E+2	0.00000000E+0
7.970E+2	0.00000000E+0
7.980E+2	0.00000000E+0
7.990E+2	0.00000000E+0
8.000E+2	6.66640938E-6
8.010E+2	0.00000000E+0
8.020E+2	2.28965184E-8
8.030E+2	0.00000000E+0
8.040E+2	1.31443628E-6
8.050E+2	2.06949301E-8
8.060E+2	0.00000000E+0
8.070E+2	0.00000000E+0
8.080E+2	0.00000000E+0
8.090E+2	0.00000000E+0
8.100E+2	3.69866835E-8
8.110E+2	0.00000000E+0
8.120E+2	0.00000000E+0
8.130E+2	0.00000000E+0
8.140E+2	0.00000000E+0
8.150E+2	1.73256193E-6
8.160E+2	0.00000000E+0
8.170E+2	7.41503747E-6
8.180E+2	0.00000000E+0
8.190E+2	2.09591206E-6
8.200E+2	0.00000000E+0
8.210E+2	0.00000000E+0
8.220E+2	0.00000000E+0
8.230E+2	0.00000000E+0
8.240E+2	0.00000000E+0
8.250E+2	9.82366314E-7
8.260E+2	4.09319297E-7
8.270E+2	0.00000000E+0
8.280E+2	0.00000000E+0
8.290E+2	0.00000000E+0
8.300E+2	2.58906784E-8
8.310E+2	0.00000000E+0
8.320E+2	0.00000000E+0
8.330E+2	0.00000000E+0
8.340E+2	0.00000000E+0
8.350E+2	0.00000000E+0
8.360E+2	0.00000000E+0
8.370E+2	0.00000000E+0
8.380E+2	0.00000000E+0
8.390E+2	0.00000000E+0
8.400E+2	0.00000000E+0
8.410E+2	0.00000000E+0
8.420E+2	0.00000000E+0
8.430E+2	0.00000000E+0
8.440E+2	0.00000000E+0
8.450E+2	0.00000000E+0
8.460E+2	0.00000000E+0
8.470E+2	0.00000000E+0
8.480E+2	0.00000000E+0
8.490E+2	0.00000000E+0
8.500E+2	0.00000000E+0
8.510E+2	0.00000000E+0
8.520E+2	0.00000000E+0
8.530E+2	0.00000000E+0
8.540E+2	0.00000000E+0
8.550E+2	0.00000000E+0
8.560E+2	0.00000000E+0
8.570E+2	0.00000000E+0
8.580E+2	0.00000000E+0
8.590E+2	0.00000000E+0
8.600E+2	0.00000000E+0
8.610E+2	0.00000000E+0
8.620E+2	0.00000000E+0
8.630E+2	0.00000000E+0
8.640E+2	0.00000000E+0
8.650E+2	0.00000000E+0
8.660E+2	0.00000000E+0
8.670E+2	0.00000000E+0
8.680E+2	0.00000000E+0
8.690E+2	0.00000000E+0
8.700E+2	0.00000000E+0
8.710E+2	0.00000000E+0
8.720E+2	0.00000000E+0
8.730E+2	0.00000000E+0
8.740E+2	0.00000000E+0
8.750E+2	0.00000000E+0
8.760E+2	0.00000000E+0
8.770E+2	0.00000000E+0
8.780E+2	0.00000000E+0
8.790E+2	0.00000000E+0
8.800E+2	0.00000000E+0
8.810E+2	0.00000000E+0
8.820E+2	0.00000000E+0
8.830E+2	0.00000000E+0
8.840E+2	0.00000000E+0
8.850E+2	0.00000000E+0
8.860E+2	0.00000000E+0
8.870E+2	0.00000000E+0
8.880E+2	0.00000000E+0
8.890E+2	0.00000000E+0
8.900E+2	0.00000000E+0
8.910E+2	0.00000000E+0
8.920E+2	0.00000000E+0
8.930E+2	0.00000000E+0
8.940E+2	0.00000000E+0
8.950E+2	0.00000000E+0
8.960E+2	0.00000000E+0
8.970E+2	0.00000000E+0
8.980E+2	0.00000000E+0
8.990E+2	0.00000000E+0
9.000E+2	0.00000000E+0
9.010E+2	0.00000000E+0
9.020E+2	0.00000000E+0
9.030E+2	0.00000000E+0
9.040E+2	0.00000000E+0
9.050E+2	0.00000000E+0
9.060E+2	0.00000000E+0
9.070E+2	0.00000000E+0
9.080E+2	0.00000000E+0
9.090E+2	0.00000000E+0
9.100E+2	0.00000000E+0
9.110E+2	0.00000000E+0
9.120E+2	0.00000000E+0
9.130E+2	0.00000000E+0
9.140E+2	0.00000000E+0
9.150E+2	0.00000000E+0
9.160E+2	0.00000000E+0
9.170E+2	0.00000000E+0
9.180E+2	0.00000000E+0
9.190E+2	0.00000000E+0
9.200E+2	0.00000000E+0
9.210E+2	0.00000000E+0
9.220E+2	0.00000000E+0
9.230E+2	0.00000000E+0
9.240E+2	0.00000000E+0
9.250E+2	0.00000000E+0
9.260E+2	0.00000000E+0
9.270E+2	0.00000000E+0
9.280E+2	0.00000000E+0
9.290E+2	0.00000000E+0
9.300E+2	0.00000000E+0
9.310E+2	0.00000000E+0
9.320E+2	0.00000000E+0
9.330E+2	0.00000000E+0
9.340E+2	0.00000000E+0
9.350E+2	0.00000000E+0
9.360E+2	0.00000000E+0
9.370E+2	0.00000000E+0
9.380E+2	0.00000000E+0
9.390E+2	0.00000000E+0
9.400E+2	0.00000000E+0
9.410E+2	0.00000000E+0
9.420E+2	0.00000000E+0
9.430E+2	0.00000000E+0
9.440E+2	0.00000000E+0
9.450E+2	0.00000000E+0
9.460E+2	0.00000000E+0
9.470E+2	0.00000000E+0
9.480E+2	0.00000000E+0
9.490E+2	0.00000000E+0
9.500E+2	0.00000000E+0
9.510E+2	0.00000000E+0
9.520E+2	0.00000000E+0
9.530E+2	0.00000000E+0
9.540E+2	0.00000000E+0
9.550E+2	0.00000000E+0
9.560E+2	0.00000000E+0
9.570E+2	0.00000000E+0
9.580E+2	0.00000000E+0
9.590E+2	0.00000000E+0
9.600E+2	0.00000000E+0
9.610E+2	0.00000000E+0
9.620E+2	0.00000000E+0
9.630E+2	0.00000000E+0
9.640E+2	0.00000000E+0
9.650E+2	0.00000000E+0
9.660E+2	0.00000000E+0
9.670E+2	0.00000000E+0
9.680E+2	0.00000000E+0
9.690E+2	0.00000000E+0
9.700E+2	0.00000000E+0
9.710E+2	0.00000000E+0
9.720E+2	0.00000000E+0
9.730E+2	0.00000000E+0
9.740E+2	0.00000000E+0
9.750E+2	0.00000000E+0
9.760E+2	0.00000000E+0
9.770E+2	0.00000000E+0
9.780E+2	0.00000000E+0
9.790E+2	0.00000000E+0
9.800E+2	0.00000000E+0
9.810E+2	0.00000000E+0
9.820E+2	0.00000000E+0
9.830E+2	0.00000000E+0
9.840E+2	0.00000000E+0
9.850E+2	0.00000000E+0
9.860E+2	0.00000000E+0
9.870E+2	0.00000000E+0
9.880E+2	0.00000000E+0
9.890E+2	0.00000000E+0
9.900E+2	0.00000000E+0
9.910E+2	0.00000000E+0
9.920E+2	0.00000000E+0
9.930E+2	0.00000000E+0
9.940E+2	0.00000000E+0
9.950E+2	0.00000000E+0
9.960E+2	0.00000000E+0
9.970E+2	0.00000000E+0
9.980E+2	0.00000000E+0
9.990E+2	0.00000000E+0
1.000E+3	0.00000000E+0
1.001E+3	0.00000000E+0
1.002E+3	0.00000000E+0
1.003E+3	0.00000000E+0
1.004E+3	0.00000000E+0
1.005E+3	0.00000000E+0
1.006E+3	0.00000000E+0
1.007E+3	0.00000000E+0
1.008E+3	0.00000000E+0
1.009E+3	0.00000000E+0
1.010E+3	0.00000000E+0
1.011E+3	0.00000000E+0
1.012E+3	0.00000000E+0
1.013E+3	0.00000000E+0
1.014E+3	0.00000000E+0
1.015E+3	0.00000000E+0
1.016E+3	0.00000000E+0
1.017E+3	0.00000000E+0
1.018E+3	0.00000000E+0
1.019E+3	0.00000000E+0
