WAVELENGTH (nm)	SPECTRAL IRRADIANCE (W.m-2.nm-1)
3.410E+2	0.00000000E+0
3.420E+2	0.00000000E+0
3.430E+2	0.00000000E+0
3.440E+2	0.00000000E+0
3.450E+2	0.00000000E+0
3.460E+2	0.00000000E+0
3.470E+2	0.00000000E+0
3.480E+2	0.00000000E+0
3.490E+2	0.00000000E+0
3.500E+2	0.00000000E+0
3.510E+2	0.00000000E+0
3.520E+2	0.00000000E+0
3.530E+2	0.00000000E+0
3.540E+2	0.00000000E+0
3.550E+2	0.00000000E+0
3.560E+2	0.00000000E+0
3.570E+2	0.00000000E+0
3.580E+2	0.00000000E+0
3.590E+2	0.00000000E+0
3.600E+2	0.00000000E+0
3.610E+2	0.00000000E+0
3.620E+2	0.00000000E+0
3.630E+2	0.00000000E+0
3.640E+2	0.00000000E+0
3.650E+2	0.00000000E+0
3.660E+2	0.00000000E+0
3.670E+2	0.00000000E+0
3.680E+2	0.00000000E+0
3.690E+2	0.00000000E+0
3.700E+2	0.00000000E+0
3.710E+2	0.00000000E+0
3.720E+2	0.00000000E+0
3.730E+2	0.00000000E+0
3.740E+2	0.00000000E+0
3.750E+2	0.00000000E+0
3.760E+2	0.00000000E+0
3.770E+2	0.00000000E+0
3.780E+2	0.00000000E+0
3.790E+2	0.00000000E+0
3.800E+2	0.00000000E+0
3.810E+2	0.00000000E+0
3.820E+2	0.00000000E+0
3.830E+2	0.00000000E+0
3.840E+2	0.00000000E+0
3.850E+2	0.00000000E+0
3.860E+2	0.00000000E+0
3.870E+2	0.00000000E+0
3.880E+2	0.00000000E+0
3.890E+2	0.00000000E+0
3.900E+2	0.00000000E+0
3.910E+2	0.00000000E+0
3.920E+2	0.00000000E+0
3.930E+2	0.00000000E+0
3.940E+2	0.00000000E+0
3.950E+2	0.00000000E+0
3.960E+2	0.00000000E+0
3.970E+2	0.00000000E+0
3.980E+2	0.00000000E+0
3.990E+2	0.00000000E+0
4.000E+2	0.00000000E+0
4.010E+2	0.00000000E+0
4.020E+2	0.00000000E+0
4.030E+2	2.17403956E-6
4.040E+2	0.00000000E+0
4.050E+2	0.00000000E+0
4.060E+2	0.00000000E+0
4.070E+2	0.00000000E+0
4.080E+2	0.00000000E+0
4.090E+2	3.04120011E-7
4.100E+2	0.00000000E+0
4.110E+2	1.24486923E-6
4.120E+2	0.00000000E+0
4.130E+2	0.00000000E+0
4.140E+2	0.00000000E+0
4.150E+2	3.65855085E-6
4.160E+2	1.05335089E-6
4.170E+2	5.27327358E-8
4.180E+2	0.00000000E+0
4.190E+2	1.35989613E-6
4.200E+2	9.04268766E-6
4.210E+2	4.17226042E-8
4.220E+2	2.26556638E-5
4.230E+2	3.29956261E-6
4.240E+2	2.25064154E-5
4.250E+2	6.86351326E-6
4.260E+2	1.85833638E-5
4.270E+2	3.27551417E-6
4.280E+2	0.00000000E+0
4.290E+2	4.62121302E-6
4.300E+2	1.77758576E-5
4.310E+2	1.40497972E-5
4.320E+2	1.18121328E-5
4.330E+2	9.57591714E-8
4.340E+2	1.44832487E-5
4.350E+2	4.43302669E-8
4.360E+2	1.29308202E-5
4.370E+2	0.00000000E+0
4.380E+2	2.48973846E-6
4.390E+2	1.92080439E-5
4.400E+2	0.00000000E+0
4.410E+2	3.78791990E-6
4.420E+2	2.73471389E-5
4.430E+2	4.67640855E-6
4.440E+2	2.51204846E-7
4.450E+2	1.63798888E-5
4.460E+2	3.02051372E-5
4.470E+2	1.22157411E-5
4.480E+2	3.13922999E-5
4.490E+2	4.23839364E-5
4.500E+2	5.57460350E-5
4.510E+2	3.69788310E-5
4.520E+2	5.29468539E-5
4.530E+2	6.47549304E-5
4.540E+2	8.04750805E-5
4.550E+2	9.91172615E-5
4.560E+2	1.41436731E-4
4.570E+2	1.34227412E-4
4.580E+2	1.65732904E-4
4.590E+2	1.96305142E-4
4.600E+2	2.37318173E-4
4.610E+2	2.87401523E-4
4.620E+2	3.24128425E-4
4.630E+2	3.85057190E-4
4.640E+2	4.56363148E-4
4.650E+2	5.22074367E-4
4.660E+2	6.41787238E-4
4.670E+2	7.62339488E-4
4.680E+2	8.62571670E-4
4.690E+2	1.04255878E-3
4.700E+2	1.27502554E-3
4.710E+2	1.46855697E-3
4.720E+2	1.76621229E-3
4.730E+2	2.09288087E-3
4.740E+2	2.54187418E-3
4.750E+2	3.06736212E-3
4.760E+2	3.56904935E-3
4.770E+2	4.27737805E-3
4.780E+2	5.03036400E-3
4.790E+2	6.16883465E-3
4.800E+2	7.19954885E-3
4.810E+2	8.55765207E-3
4.820E+2	9.98659389E-3
4.830E+2	1.15387263E-2
4.840E+2	1.34653788E-2
4.850E+2	1.52261791E-2
4.860E+2	1.68118661E-2
4.870E+2	1.82441629E-2
4.880E+2	1.83922313E-2
4.890E+2	1.87676633E-2
4.900E+2	2.04819809E-2
4.910E+2	2.18087657E-2
4.920E+2	2.27665610E-2
4.930E+2	2.29071728E-2
4.940E+2	2.33309174E-2
4.950E+2	2.32573496E-2
4.960E+2	2.31522630E-2
4.970E+2	2.32346918E-2
4.980E+2	2.33151943E-2
4.990E+2	2.30610785E-2
5.000E+2	2.30213669E-2
5.010E+2	2.26849090E-2
5.020E+2	2.24173333E-2
5.030E+2	2.20305120E-2
5.040E+2	2.16259801E-2
5.050E+2	2.11829848E-2
5.060E+2	2.07404868E-2
5.070E+2	2.02386415E-2
5.080E+2	1.96040682E-2
5.090E+2	1.88699462E-2
5.100E+2	1.83137306E-2
5.110E+2	1.73432281E-2
5.120E+2	1.65649110E-2
5.130E+2	1.56727213E-2
5.140E+2	1.48022279E-2
5.150E+2	1.39159061E-2
5.160E+2	1.32048875E-2
5.170E+2	1.23220759E-2
5.180E+2	1.15780300E-2
5.190E+2	1.05639027E-2
5.200E+2	1.00101915E-2
5.210E+2	9.02864189E-3
5.220E+2	8.36672566E-3
5.230E+2	7.73388127E-3
5.240E+2	7.15606322E-3
5.250E+2	6.51594747E-3
5.260E+2	6.05732996E-3
5.270E+2	5.47708937E-3
5.280E+2	4.87820279E-3
5.290E+2	4.45484118E-3
5.300E+2	4.13895070E-3
5.310E+2	3.75413299E-3
5.320E+2	3.48794504E-3
5.330E+2	3.19984350E-3
5.340E+2	2.89374534E-3
5.350E+2	2.66991416E-3
5.360E+2	2.45587425E-3
5.370E+2	2.23394762E-3
5.380E+2	2.05396658E-3
5.390E+2	1.85979493E-3
5.400E+2	1.71875467E-3
5.410E+2	1.58207127E-3
5.420E+2	1.43524194E-3
5.430E+2	1.34121194E-3
5.440E+2	1.19822637E-3
5.450E+2	1.13570192E-3
5.460E+2	1.00968198E-3
5.470E+2	9.52326089E-4
5.480E+2	8.72674949E-4
5.490E+2	7.92740948E-4
5.500E+2	7.44232167E-4
5.510E+2	6.84776761E-4
5.520E+2	6.48585531E-4
5.530E+2	5.74102802E-4
5.540E+2	5.29997141E-4
5.550E+2	5.01271963E-4
5.560E+2	4.72771426E-4
5.570E+2	4.07726651E-4
5.580E+2	3.87303262E-4
5.590E+2	3.71923835E-4
5.600E+2	3.03322011E-4
5.610E+2	3.09866031E-4
5.620E+2	2.80444592E-4
5.630E+2	2.40150152E-4
5.640E+2	2.45804458E-4
5.650E+2	2.00406525E-4
5.660E+2	1.95429628E-4
5.670E+2	1.90164189E-4
5.680E+2	1.45280495E-4
5.690E+2	1.87479942E-4
5.700E+2	1.64693280E-4
5.710E+2	1.39530668E-4
5.720E+2	1.13906175E-4
5.730E+2	8.52100745E-5
5.740E+2	9.29331603E-5
5.750E+2	8.19259551E-5
5.760E+2	8.55677531E-5
5.770E+2	8.00410736E-5
5.780E+2	5.12836403E-5
5.790E+2	5.43250761E-5
5.800E+2	5.54846313E-5
5.810E+2	4.96127156E-5
5.820E+2	4.49171417E-5
5.830E+2	6.42066258E-5
5.840E+2	2.42050791E-5
5.850E+2	3.57780627E-5
5.860E+2	1.91638295E-5
5.870E+2	2.16847556E-5
5.880E+2	3.38340766E-5
5.890E+2	3.86803657E-5
5.900E+2	1.74191293E-5
5.910E+2	1.75497558E-5
5.920E+2	1.86793161E-5
5.930E+2	6.99320826E-6
5.940E+2	6.77992318E-8
5.950E+2	2.22701643E-5
5.960E+2	3.33845301E-5
5.970E+2	1.92607071E-5
5.980E+2	3.24814820E-5
5.990E+2	4.34834140E-6
6.000E+2	1.16451458E-5
6.010E+2	0.00000000E+0
6.020E+2	3.22844875E-6
6.030E+2	9.22195106E-6
6.040E+2	2.87518964E-6
6.050E+2	6.05798691E-6
6.060E+2	2.89126057E-5
6.070E+2	0.00000000E+0
6.080E+2	3.78906679E-6
6.090E+2	5.18287461E-6
6.100E+2	5.28488734E-6
6.110E+2	0.00000000E+0
6.120E+2	2.74963551E-6
6.130E+2	0.00000000E+0
6.140E+2	0.00000000E+0
6.150E+2	1.88312366E-5
6.160E+2	0.00000000E+0
6.170E+2	0.00000000E+0
6.180E+2	1.24537144E-5
6.190E+2	2.74963551E-6
6.200E+2	8.95326522E-6
6.210E+2	5.13202518E-7
6.220E+2	0.00000000E+0
6.230E+2	0.00000000E+0
6.240E+2	4.58586471E-6
6.250E+2	0.00000000E+0
6.260E+2	1.01287658E-5
6.270E+2	0.00000000E+0
6.280E+2	0.00000000E+0
6.290E+2	0.00000000E+0
6.300E+2	0.00000000E+0
6.310E+2	1.58935156E-6
6.320E+2	0.00000000E+0
6.330E+2	0.00000000E+0
6.340E+2	1.88456754E-6
6.350E+2	1.05230058E-6
6.360E+2	2.61215374E-6
6.370E+2	0.00000000E+0
6.380E+2	4.91544430E-6
6.390E+2	0.00000000E+0
6.400E+2	0.00000000E+0
6.410E+2	0.00000000E+0
6.420E+2	2.72138583E-7
6.430E+2	0.00000000E+0
6.440E+2	0.00000000E+0
6.450E+2	0.00000000E+0
6.460E+2	4.97521899E-7
6.470E+2	1.09232096E-7
6.480E+2	0.00000000E+0
6.490E+2	0.00000000E+0
6.500E+2	0.00000000E+0
6.510E+2	0.00000000E+0
6.520E+2	0.00000000E+0
6.530E+2	0.00000000E+0
6.540E+2	0.00000000E+0
6.550E+2	0.00000000E+0
6.560E+2	0.00000000E+0
6.570E+2	0.00000000E+0
6.580E+2	0.00000000E+0
6.590E+2	0.00000000E+0
6.600E+2	0.00000000E+0
6.610E+2	0.00000000E+0
6.620E+2	0.00000000E+0
6.630E+2	0.00000000E+0
6.640E+2	0.00000000E+0
6.650E+2	0.00000000E+0
6.660E+2	0.00000000E+0
6.670E+2	0.00000000E+0
6.680E+2	0.00000000E+0
6.690E+2	0.00000000E+0
6.700E+2	0.00000000E+0
6.710E+2	0.00000000E+0
6.720E+2	0.00000000E+0
6.730E+2	0.00000000E+0
6.740E+2	0.00000000E+0
6.750E+2	0.00000000E+0
6.760E+2	0.00000000E+0
6.770E+2	0.00000000E+0
6.780E+2	0.00000000E+0
6.790E+2	0.00000000E+0
6.800E+2	0.00000000E+0
6.810E+2	0.00000000E+0
6.820E+2	0.00000000E+0
6.830E+2	0.00000000E+0
6.840E+2	0.00000000E+0
6.850E+2	0.00000000E+0
6.860E+2	0.00000000E+0
6.870E+2	0.00000000E+0
6.880E+2	0.00000000E+0
6.890E+2	0.00000000E+0
6.900E+2	0.00000000E+0
6.910E+2	0.00000000E+0
6.920E+2	0.00000000E+0
6.930E+2	0.00000000E+0
6.940E+2	0.00000000E+0
6.950E+2	0.00000000E+0
6.960E+2	0.00000000E+0
6.970E+2	0.00000000E+0
6.980E+2	0.00000000E+0
6.990E+2	0.00000000E+0
7.000E+2	0.00000000E+0
7.010E+2	0.00000000E+0
7.020E+2	0.00000000E+0
7.030E+2	0.00000000E+0
7.040E+2	0.00000000E+0
7.050E+2	0.00000000E+0
7.060E+2	0.00000000E+0
7.070E+2	0.00000000E+0
7.080E+2	0.00000000E+0
7.090E+2	0.00000000E+0
7.100E+2	0.00000000E+0
7.110E+2	0.00000000E+0
7.120E+2	0.00000000E+0
7.130E+2	0.00000000E+0
7.140E+2	0.00000000E+0
7.150E+2	0.00000000E+0
7.160E+2	0.00000000E+0
7.170E+2	0.00000000E+0
7.180E+2	0.00000000E+0
7.190E+2	0.00000000E+0
7.200E+2	0.00000000E+0
7.210E+2	0.00000000E+0
7.220E+2	0.00000000E+0
7.230E+2	0.00000000E+0
7.240E+2	0.00000000E+0
7.250E+2	0.00000000E+0
7.260E+2	0.00000000E+0
7.270E+2	0.00000000E+0
7.280E+2	0.00000000E+0
7.290E+2	0.00000000E+0
7.300E+2	0.00000000E+0
7.310E+2	0.00000000E+0
7.320E+2	0.00000000E+0
7.330E+2	0.00000000E+0
7.340E+2	0.00000000E+0
7.350E+2	0.00000000E+0
7.360E+2	0.00000000E+0
7.370E+2	0.00000000E+0
7.380E+2	0.00000000E+0
7.390E+2	0.00000000E+0
7.400E+2	0.00000000E+0
7.410E+2	0.00000000E+0
7.420E+2	0.00000000E+0
7.430E+2	0.00000000E+0
7.440E+2	0.00000000E+0
7.450E+2	0.00000000E+0
7.460E+2	0.00000000E+0
7.470E+2	0.00000000E+0
7.480E+2	0.00000000E+0
7.490E+2	0.00000000E+0
7.500E+2	0.00000000E+0
7.510E+2	0.00000000E+0
7.520E+2	0.00000000E+0
7.530E+2	0.00000000E+0
7.540E+2	0.00000000E+0
7.550E+2	0.00000000E+0
7.560E+2	0.00000000E+0
7.570E+2	0.00000000E+0
7.580E+2	0.00000000E+0
7.590E+2	0.00000000E+0
7.600E+2	0.00000000E+0
7.610E+2	0.00000000E+0
7.620E+2	0.00000000E+0
7.630E+2	0.00000000E+0
7.640E+2	0.00000000E+0
7.650E+2	0.00000000E+0
7.660E+2	0.00000000E+0
7.670E+2	0.00000000E+0
7.680E+2	0.00000000E+0
7.690E+2	0.00000000E+0
7.700E+2	0.00000000E+0
7.710E+2	0.00000000E+0
7.720E+2	0.00000000E+0
7.730E+2	0.00000000E+0
7.740E+2	0.00000000E+0
7.750E+2	0.00000000E+0
7.760E+2	0.00000000E+0
7.770E+2	0.00000000E+0
7.780E+2	0.00000000E+0
7.790E+2	0.00000000E+0
7.800E+2	0.00000000E+0
7.810E+2	0.00000000E+0
7.820E+2	0.00000000E+0
7.830E+2	0.00000000E+0
7.840E+2	0.00000000E+0
7.850E+2	0.00000000E+0
7.860E+2	0.00000000E+0
7.870E+2	0.00000000E+0
7.880E+2	0.00000000E+0
7.890E+2	0.00000000E+0
7.900E+2	0.00000000E+0
7.910E+2	0.00000000E+0
7.920E+2	0.00000000E+0
7.930E+2	0.00000000E+0
7.940E+2	0.00000000E+0
7.950E+2	0.00000000E+0
7.960E+2	0.00000000E+0
7.970E+2	0.00000000E+0
7.980E+2	0.00000000E+0
7.990E+2	0.00000000E+0
8.000E+2	0.00000000E+0
8.010E+2	0.00000000E+0
8.020E+2	0.00000000E+0
8.030E+2	0.00000000E+0
8.040E+2	0.00000000E+0
8.050E+2	0.00000000E+0
8.060E+2	0.00000000E+0
8.070E+2	0.00000000E+0
8.080E+2	0.00000000E+0
8.090E+2	0.00000000E+0
8.100E+2	0.00000000E+0
8.110E+2	0.00000000E+0
8.120E+2	0.00000000E+0
8.130E+2	0.00000000E+0
8.140E+2	0.00000000E+0
8.150E+2	0.00000000E+0
8.160E+2	0.00000000E+0
8.170E+2	0.00000000E+0
8.180E+2	0.00000000E+0
8.190E+2	0.00000000E+0
8.200E+2	0.00000000E+0
8.210E+2	0.00000000E+0
8.220E+2	0.00000000E+0
8.230E+2	0.00000000E+0
8.240E+2	0.00000000E+0
8.250E+2	0.00000000E+0
8.260E+2	0.00000000E+0
8.270E+2	0.00000000E+0
8.280E+2	0.00000000E+0
8.290E+2	0.00000000E+0
8.300E+2	0.00000000E+0
8.310E+2	0.00000000E+0
8.320E+2	0.00000000E+0
8.330E+2	0.00000000E+0
8.340E+2	0.00000000E+0
8.350E+2	0.00000000E+0
8.360E+2	0.00000000E+0
8.370E+2	0.00000000E+0
8.380E+2	0.00000000E+0
8.390E+2	0.00000000E+0
8.400E+2	0.00000000E+0
8.410E+2	0.00000000E+0
8.420E+2	0.00000000E+0
8.430E+2	0.00000000E+0
8.440E+2	0.00000000E+0
8.450E+2	0.00000000E+0
8.460E+2	0.00000000E+0
8.470E+2	0.00000000E+0
8.480E+2	0.00000000E+0
8.490E+2	0.00000000E+0
8.500E+2	0.00000000E+0
8.510E+2	0.00000000E+0
8.520E+2	0.00000000E+0
8.530E+2	0.00000000E+0
8.540E+2	0.00000000E+0
8.550E+2	0.00000000E+0
8.560E+2	0.00000000E+0
8.570E+2	0.00000000E+0
8.580E+2	0.00000000E+0
8.590E+2	0.00000000E+0
8.600E+2	0.00000000E+0
8.610E+2	0.00000000E+0
8.620E+2	0.00000000E+0
8.630E+2	0.00000000E+0
8.640E+2	0.00000000E+0
8.650E+2	0.00000000E+0
8.660E+2	0.00000000E+0
8.670E+2	0.00000000E+0
8.680E+2	0.00000000E+0
8.690E+2	0.00000000E+0
8.700E+2	0.00000000E+0
8.710E+2	0.00000000E+0
8.720E+2	0.00000000E+0
8.730E+2	0.00000000E+0
8.740E+2	0.00000000E+0
8.750E+2	0.00000000E+0
8.760E+2	0.00000000E+0
8.770E+2	0.00000000E+0
8.780E+2	0.00000000E+0
8.790E+2	0.00000000E+0
8.800E+2	0.00000000E+0
8.810E+2	0.00000000E+0
8.820E+2	0.00000000E+0
8.830E+2	0.00000000E+0
8.840E+2	0.00000000E+0
8.850E+2	0.00000000E+0
8.860E+2	0.00000000E+0
8.870E+2	0.00000000E+0
8.880E+2	0.00000000E+0
8.890E+2	0.00000000E+0
8.900E+2	0.00000000E+0
8.910E+2	0.00000000E+0
8.920E+2	0.00000000E+0
8.930E+2	0.00000000E+0
8.940E+2	0.00000000E+0
8.950E+2	0.00000000E+0
8.960E+2	0.00000000E+0
8.970E+2	0.00000000E+0
8.980E+2	0.00000000E+0
8.990E+2	0.00000000E+0
9.000E+2	0.00000000E+0
9.010E+2	0.00000000E+0
9.020E+2	0.00000000E+0
9.030E+2	0.00000000E+0
9.040E+2	0.00000000E+0
9.050E+2	0.00000000E+0
9.060E+2	0.00000000E+0
9.070E+2	0.00000000E+0
9.080E+2	0.00000000E+0
9.090E+2	0.00000000E+0
9.100E+2	0.00000000E+0
9.110E+2	0.00000000E+0
9.120E+2	0.00000000E+0
9.130E+2	0.00000000E+0
9.140E+2	0.00000000E+0
9.150E+2	0.00000000E+0
9.160E+2	0.00000000E+0
9.170E+2	0.00000000E+0
9.180E+2	0.00000000E+0
9.190E+2	0.00000000E+0
9.200E+2	0.00000000E+0
9.210E+2	0.00000000E+0
9.220E+2	0.00000000E+0
9.230E+2	0.00000000E+0
9.240E+2	0.00000000E+0
9.250E+2	0.00000000E+0
9.260E+2	0.00000000E+0
9.270E+2	0.00000000E+0
9.280E+2	0.00000000E+0
9.290E+2	0.00000000E+0
9.300E+2	0.00000000E+0
9.310E+2	0.00000000E+0
9.320E+2	0.00000000E+0
9.330E+2	0.00000000E+0
9.340E+2	0.00000000E+0
9.350E+2	0.00000000E+0
9.360E+2	0.00000000E+0
9.370E+2	0.00000000E+0
9.380E+2	0.00000000E+0
9.390E+2	0.00000000E+0
9.400E+2	0.00000000E+0
9.410E+2	0.00000000E+0
9.420E+2	0.00000000E+0
9.430E+2	0.00000000E+0
9.440E+2	0.00000000E+0
9.450E+2	0.00000000E+0
9.460E+2	0.00000000E+0
9.470E+2	0.00000000E+0
9.480E+2	0.00000000E+0
9.490E+2	0.00000000E+0
9.500E+2	0.00000000E+0
9.510E+2	0.00000000E+0
9.520E+2	0.00000000E+0
9.530E+2	0.00000000E+0
9.540E+2	0.00000000E+0
9.550E+2	0.00000000E+0
9.560E+2	0.00000000E+0
9.570E+2	0.00000000E+0
9.580E+2	0.00000000E+0
9.590E+2	0.00000000E+0
9.600E+2	0.00000000E+0
9.610E+2	0.00000000E+0
9.620E+2	0.00000000E+0
9.630E+2	0.00000000E+0
9.640E+2	0.00000000E+0
9.650E+2	0.00000000E+0
9.660E+2	0.00000000E+0
9.670E+2	0.00000000E+0
9.680E+2	0.00000000E+0
9.690E+2	0.00000000E+0
9.700E+2	0.00000000E+0
9.710E+2	0.00000000E+0
9.720E+2	0.00000000E+0
9.730E+2	0.00000000E+0
9.740E+2	0.00000000E+0
9.750E+2	0.00000000E+0
9.760E+2	0.00000000E+0
9.770E+2	0.00000000E+0
9.780E+2	0.00000000E+0
9.790E+2	0.00000000E+0
9.800E+2	0.00000000E+0
9.810E+2	0.00000000E+0
9.820E+2	0.00000000E+0
9.830E+2	0.00000000E+0
9.840E+2	0.00000000E+0
9.850E+2	0.00000000E+0
9.860E+2	0.00000000E+0
9.870E+2	0.00000000E+0
9.880E+2	0.00000000E+0
9.890E+2	0.00000000E+0
9.900E+2	0.00000000E+0
9.910E+2	0.00000000E+0
9.920E+2	0.00000000E+0
9.930E+2	0.00000000E+0
9.940E+2	0.00000000E+0
9.950E+2	0.00000000E+0
9.960E+2	0.00000000E+0
9.970E+2	0.00000000E+0
9.980E+2	0.00000000E+0
9.990E+2	0.00000000E+0
1.000E+3	0.00000000E+0
1.001E+3	0.00000000E+0
1.002E+3	0.00000000E+0
1.003E+3	0.00000000E+0
1.004E+3	0.00000000E+0
1.005E+3	0.00000000E+0
1.006E+3	0.00000000E+0
1.007E+3	0.00000000E+0
1.008E+3	0.00000000E+0
1.009E+3	0.00000000E+0
1.010E+3	0.00000000E+0
1.011E+3	0.00000000E+0
1.012E+3	0.00000000E+0
1.013E+3	0.00000000E+0
1.014E+3	0.00000000E+0
1.015E+3	0.00000000E+0
1.016E+3	0.00000000E+0
1.017E+3	0.00000000E+0
1.018E+3	0.00000000E+0
1.019E+3	0.00000000E+0
