WAVELENGTH (nm)	SPECTRAL IRRADIANCE (W.m-2.nm-1)
3.410E+2	0.00000000E+0
3.420E+2	0.00000000E+0
3.430E+2	0.00000000E+0
3.440E+2	0.00000000E+0
3.450E+2	0.00000000E+0
3.460E+2	0.00000000E+0
3.470E+2	0.00000000E+0
3.480E+2	0.00000000E+0
3.490E+2	0.00000000E+0
3.500E+2	0.00000000E+0
3.510E+2	4.29543102E-6
3.520E+2	3.76711447E-6
3.530E+2	0.00000000E+0
3.540E+2	0.00000000E+0
3.550E+2	3.29555453E-6
3.560E+2	7.81204312E-6
3.570E+2	0.00000000E+0
3.580E+2	0.00000000E+0
3.590E+2	0.00000000E+0
3.600E+2	0.00000000E+0
3.610E+2	0.00000000E+0
3.620E+2	2.51140964E-6
3.630E+2	1.50729758E-7
3.640E+2	0.00000000E+0
3.650E+2	0.00000000E+0
3.660E+2	0.00000000E+0
3.670E+2	0.00000000E+0
3.680E+2	1.22136848E-6
3.690E+2	0.00000000E+0
3.700E+2	2.06657940E-6
3.710E+2	0.00000000E+0
3.720E+2	0.00000000E+0
3.730E+2	0.00000000E+0
3.740E+2	0.00000000E+0
3.750E+2	0.00000000E+0
3.760E+2	2.12794953E-7
3.770E+2	1.59641394E-6
3.780E+2	0.00000000E+0
3.790E+2	3.53754666E-7
3.800E+2	0.00000000E+0
3.810E+2	6.73082633E-6
3.820E+2	0.00000000E+0
3.830E+2	1.84149478E-8
3.840E+2	3.88813443E-6
3.850E+2	0.00000000E+0
3.860E+2	3.21225502E-6
3.870E+2	0.00000000E+0
3.880E+2	0.00000000E+0
3.890E+2	0.00000000E+0
3.900E+2	0.00000000E+0
3.910E+2	0.00000000E+0
3.920E+2	4.93974568E-6
3.930E+2	5.62596422E-7
3.940E+2	0.00000000E+0
3.950E+2	1.09708561E-5
3.960E+2	8.37188099E-6
3.970E+2	6.12615660E-6
3.980E+2	1.91108843E-6
3.990E+2	6.76761062E-6
4.000E+2	1.52824388E-5
4.010E+2	1.60949337E-5
4.020E+2	1.60822270E-5
4.030E+2	1.27029777E-5
4.040E+2	1.79836584E-5
4.050E+2	3.31690744E-5
4.060E+2	2.71312001E-5
4.070E+2	5.04506232E-5
4.080E+2	4.29536282E-5
4.090E+2	5.50342640E-5
4.100E+2	6.73672159E-5
4.110E+2	7.70903084E-5
4.120E+2	8.49139396E-5
4.130E+2	8.44659294E-5
4.140E+2	1.02827739E-4
4.150E+2	1.10835642E-4
4.160E+2	1.18998918E-4
4.170E+2	1.36172505E-4
4.180E+2	1.42168206E-4
4.190E+2	1.55738263E-4
4.200E+2	1.69116530E-4
4.210E+2	1.69738081E-4
4.220E+2	1.71951921E-4
4.230E+2	1.85661732E-4
4.240E+2	1.69782926E-4
4.250E+2	1.59046913E-4
4.260E+2	1.52581800E-4
4.270E+2	1.49638517E-4
4.280E+2	1.25162060E-4
4.290E+2	1.25213141E-4
4.300E+2	1.22168869E-4
4.310E+2	1.10697764E-4
4.320E+2	1.00233617E-4
4.330E+2	9.20325724E-5
4.340E+2	9.76420352E-5
4.350E+2	9.37555429E-5
4.360E+2	9.47742297E-5
4.370E+2	9.08978940E-5
4.380E+2	8.75041373E-5
4.390E+2	8.17942719E-5
4.400E+2	7.92700165E-5
4.410E+2	7.34926492E-5
4.420E+2	7.33421627E-5
4.430E+2	6.89404037E-5
4.440E+2	6.43494517E-5
4.450E+2	5.71034630E-5
4.460E+2	5.75951538E-5
4.470E+2	4.84125459E-5
4.480E+2	4.86998304E-5
4.490E+2	3.46783377E-5
4.500E+2	2.93700237E-5
4.510E+2	3.09927091E-5
4.520E+2	2.83644151E-5
4.530E+2	2.91939088E-5
4.540E+2	2.13453877E-5
4.550E+2	2.64263885E-5
4.560E+2	2.33834649E-5
4.570E+2	2.82638953E-5
4.580E+2	1.58869391E-5
4.590E+2	2.80370513E-5
4.600E+2	2.01877091E-5
4.610E+2	3.03769226E-5
4.620E+2	2.12449851E-5
4.630E+2	2.17985479E-5
4.640E+2	3.13067015E-5
4.650E+2	2.35338341E-5
4.660E+2	2.44769844E-5
4.670E+2	2.18233553E-5
4.680E+2	3.03769226E-5
4.690E+2	2.26153740E-5
4.700E+2	3.65137333E-5
4.710E+2	3.23276262E-5
4.720E+2	5.01487119E-5
4.730E+2	4.72682974E-5
4.740E+2	6.18834321E-5
4.750E+2	7.42721762E-5
4.760E+2	7.98322589E-5
4.770E+2	9.94060981E-5
4.780E+2	1.10446171E-4
4.790E+2	1.43940498E-4
4.800E+2	1.53261160E-4
4.810E+2	1.82517116E-4
4.820E+2	2.22892065E-4
4.830E+2	2.55191415E-4
4.840E+2	3.01627814E-4
4.850E+2	3.72956765E-4
4.860E+2	4.61013761E-4
4.870E+2	5.23035130E-4
4.880E+2	5.49087502E-4
4.890E+2	6.18914550E-4
4.900E+2	7.79332262E-4
4.910E+2	9.85831794E-4
4.920E+2	1.22307568E-3
4.930E+2	1.38916719E-3
4.940E+2	1.63591558E-3
4.950E+2	1.82057479E-3
4.960E+2	2.08095490E-3
4.970E+2	2.35249598E-3
4.980E+2	2.71220700E-3
4.990E+2	3.03395646E-3
5.000E+2	3.45670390E-3
5.010E+2	3.84314941E-3
5.020E+2	4.27101978E-3
5.030E+2	4.76846981E-3
5.040E+2	5.12839559E-3
5.050E+2	5.69776619E-3
5.060E+2	6.14098079E-3
5.070E+2	6.55159483E-3
5.080E+2	7.00587846E-3
5.090E+2	7.34613192E-3
5.100E+2	7.68178176E-3
5.110E+2	7.92128856E-3
5.120E+2	8.10815850E-3
5.130E+2	8.37826483E-3
5.140E+2	8.50732346E-3
5.150E+2	8.64532460E-3
5.160E+2	8.79798341E-3
5.170E+2	8.91888467E-3
5.180E+2	9.01835808E-3
5.190E+2	9.04774419E-3
5.200E+2	9.22997396E-3
5.210E+2	9.26097039E-3
5.220E+2	9.34816036E-3
5.230E+2	9.46132182E-3
5.240E+2	9.42528404E-3
5.250E+2	9.40347842E-3
5.260E+2	9.44767848E-3
5.270E+2	9.46457954E-3
5.280E+2	9.47377472E-3
5.290E+2	9.45463800E-3
5.300E+2	9.46334945E-3
5.310E+2	9.47869125E-3
5.320E+2	9.46336238E-3
5.330E+2	9.52847953E-3
5.340E+2	9.45747645E-3
5.350E+2	9.48702582E-3
5.360E+2	9.45006023E-3
5.370E+2	9.47292528E-3
5.380E+2	9.36782001E-3
5.390E+2	9.39517542E-3
5.400E+2	9.40740290E-3
5.410E+2	9.38952152E-3
5.420E+2	9.41552597E-3
5.430E+2	9.35175681E-3
5.440E+2	9.34914146E-3
5.450E+2	9.40630425E-3
5.460E+2	9.46562616E-3
5.470E+2	9.42697237E-3
5.480E+2	9.41492501E-3
5.490E+2	9.39729436E-3
5.500E+2	9.37000445E-3
5.510E+2	9.43900674E-3
5.520E+2	9.35149546E-3
5.530E+2	9.37268628E-3
5.540E+2	9.36254846E-3
5.550E+2	9.35693724E-3
5.560E+2	9.32808068E-3
5.570E+2	9.29658200E-3
5.580E+2	9.31599380E-3
5.590E+2	9.30916517E-3
5.600E+2	9.28602571E-3
5.610E+2	9.23075914E-3
5.620E+2	9.27155800E-3
5.630E+2	9.22264855E-3
5.640E+2	9.18926588E-3
5.650E+2	9.21571580E-3
5.660E+2	9.09789697E-3
5.670E+2	9.02334872E-3
5.680E+2	9.03151143E-3
5.690E+2	9.08785064E-3
5.700E+2	8.92254054E-3
5.710E+2	8.91238314E-3
5.720E+2	8.81859333E-3
5.730E+2	8.87953733E-3
5.740E+2	8.73592281E-3
5.750E+2	8.63985740E-3
5.760E+2	8.61233453E-3
5.770E+2	8.51659747E-3
5.780E+2	8.45027598E-3
5.790E+2	8.39839309E-3
5.800E+2	8.30325969E-3
5.810E+2	8.28512031E-3
5.820E+2	8.15403347E-3
5.830E+2	8.14661560E-3
5.840E+2	7.97812183E-3
5.850E+2	7.87627509E-3
5.860E+2	7.84603038E-3
5.870E+2	7.75511830E-3
5.880E+2	7.57190821E-3
5.890E+2	7.58870338E-3
5.900E+2	7.49492735E-3
5.910E+2	7.37387690E-3
5.920E+2	7.40425982E-3
5.930E+2	7.39032114E-3
5.940E+2	7.15787149E-3
5.950E+2	7.25282201E-3
5.960E+2	7.09356189E-3
5.970E+2	6.91001542E-3
5.980E+2	6.82085332E-3
5.990E+2	6.88856282E-3
6.000E+2	6.60019497E-3
6.010E+2	6.46467199E-3
6.020E+2	6.44967337E-3
6.030E+2	6.22193974E-3
6.040E+2	6.19222194E-3
6.050E+2	6.06562325E-3
6.060E+2	5.74313909E-3
6.070E+2	5.62877703E-3
6.080E+2	5.56631532E-3
6.090E+2	5.31663466E-3
6.100E+2	5.33669162E-3
6.110E+2	5.09545883E-3
6.120E+2	4.92982236E-3
6.130E+2	4.97833065E-3
6.140E+2	4.69237648E-3
6.150E+2	4.62146812E-3
6.160E+2	4.37746831E-3
6.170E+2	4.28035668E-3
6.180E+2	4.22405385E-3
6.190E+2	4.00489521E-3
6.200E+2	3.80579334E-3
6.210E+2	3.78371912E-3
6.220E+2	3.58645725E-3
6.230E+2	3.54194121E-3
6.240E+2	3.46430096E-3
6.250E+2	3.34001877E-3
6.260E+2	3.10427700E-3
6.270E+2	2.94924198E-3
6.280E+2	2.93755079E-3
6.290E+2	2.82816106E-3
6.300E+2	2.70656374E-3
6.310E+2	2.63029237E-3
6.320E+2	2.58329072E-3
6.330E+2	2.59665153E-3
6.340E+2	2.40303359E-3
6.350E+2	2.21687585E-3
6.360E+2	2.23303580E-3
6.370E+2	2.19815373E-3
6.380E+2	2.12676759E-3
6.390E+2	2.01728344E-3
6.400E+2	2.02675164E-3
6.410E+2	1.91503816E-3
6.420E+2	1.89822041E-3
6.430E+2	1.85854201E-3
6.440E+2	1.75730070E-3
6.450E+2	1.81728245E-3
6.460E+2	1.69203728E-3
6.470E+2	1.60657148E-3
6.480E+2	1.62248612E-3
6.490E+2	1.57059893E-3
6.500E+2	1.48316110E-3
6.510E+2	1.46373052E-3
6.520E+2	1.37115664E-3
6.530E+2	1.34419998E-3
6.540E+2	1.29998855E-3
6.550E+2	1.27889478E-3
6.560E+2	1.25387846E-3
6.570E+2	1.21806957E-3
6.580E+2	1.22567300E-3
6.590E+2	1.11930874E-3
6.600E+2	1.09682907E-3
6.610E+2	1.03186583E-3
6.620E+2	1.01806806E-3
6.630E+2	9.88101488E-4
6.640E+2	9.49911585E-4
6.650E+2	8.95938851E-4
6.660E+2	8.65825219E-4
6.670E+2	8.36816574E-4
6.680E+2	8.34928104E-4
6.690E+2	8.00946044E-4
6.700E+2	7.80187619E-4
6.710E+2	7.11640625E-4
6.720E+2	7.13673587E-4
6.730E+2	6.61109719E-4
6.740E+2	6.61009157E-4
6.750E+2	6.25220932E-4
6.760E+2	5.91467394E-4
6.770E+2	5.86959342E-4
6.780E+2	5.45521971E-4
6.790E+2	5.25906299E-4
6.800E+2	4.99602359E-4
6.810E+2	4.95464370E-4
6.820E+2	4.56606184E-4
6.830E+2	4.28639345E-4
6.840E+2	4.12443268E-4
6.850E+2	3.99547598E-4
6.860E+2	3.92012014E-4
6.870E+2	3.71665087E-4
6.880E+2	3.72035416E-4
6.890E+2	3.70756238E-4
6.900E+2	3.25299492E-4
6.910E+2	3.37812171E-4
6.920E+2	3.19399559E-4
6.930E+2	2.98982028E-4
6.940E+2	2.98284794E-4
6.950E+2	2.94602524E-4
6.960E+2	2.80198623E-4
6.970E+2	2.58558795E-4
6.980E+2	2.43146269E-4
6.990E+2	2.41837920E-4
7.000E+2	2.54663715E-4
7.010E+2	2.41852439E-4
7.020E+2	2.35249903E-4
7.030E+2	2.31742298E-4
7.040E+2	2.25587493E-4
7.050E+2	2.01432301E-4
7.060E+2	2.04458131E-4
7.070E+2	1.86472067E-4
7.080E+2	1.83188035E-4
7.090E+2	1.74602047E-4
7.100E+2	1.81807955E-4
7.110E+2	1.72818303E-4
7.120E+2	1.59485677E-4
7.130E+2	1.52234171E-4
7.140E+2	1.52335326E-4
7.150E+2	1.45438150E-4
7.160E+2	1.33835414E-4
7.170E+2	1.47086961E-4
7.180E+2	1.26711859E-4
7.190E+2	1.27181366E-4
7.200E+2	1.18190862E-4
7.210E+2	1.14013729E-4
7.220E+2	1.17447034E-4
7.230E+2	1.14430347E-4
7.240E+2	1.15352230E-4
7.250E+2	1.09138651E-4
7.260E+2	1.17228568E-4
7.270E+2	9.22748098E-5
7.280E+2	9.15379012E-5
7.290E+2	9.36407695E-5
7.300E+2	8.48492766E-5
7.310E+2	8.21810011E-5
7.320E+2	8.71142081E-5
7.330E+2	8.29911635E-5
7.340E+2	7.53663782E-5
7.350E+2	6.08882892E-5
7.360E+2	7.67924863E-5
7.370E+2	7.17236200E-5
7.380E+2	6.39199473E-5
7.390E+2	6.57637826E-5
7.400E+2	6.38900750E-5
7.410E+2	5.16420821E-5
7.420E+2	5.49719781E-5
7.430E+2	5.34406584E-5
7.440E+2	4.91303130E-5
7.450E+2	4.70043889E-5
7.460E+2	5.25630640E-5
7.470E+2	4.43287034E-5
7.480E+2	3.26147386E-5
7.490E+2	4.95314753E-5
7.500E+2	3.79717732E-5
7.510E+2	3.71039020E-5
7.520E+2	3.63909865E-5
7.530E+2	3.17830270E-5
7.540E+2	4.23072283E-5
7.550E+2	3.23034012E-5
7.560E+2	2.95231280E-5
7.570E+2	2.85429559E-5
7.580E+2	3.62268621E-5
7.590E+2	3.09797322E-5
7.600E+2	2.85279850E-5
7.610E+2	2.06641519E-5
7.620E+2	2.34585642E-5
7.630E+2	2.52721114E-5
7.640E+2	2.22398295E-5
7.650E+2	1.30239798E-5
7.660E+2	1.14053206E-5
7.670E+2	2.03279688E-5
7.680E+2	2.36666308E-5
7.690E+2	2.02182159E-5
7.700E+2	1.38267895E-5
7.710E+2	1.44893468E-5
7.720E+2	1.18642273E-5
7.730E+2	1.92079635E-5
7.740E+2	1.02690507E-5
7.750E+2	1.06300366E-5
7.760E+2	1.67542064E-5
7.770E+2	9.61512735E-6
7.780E+2	3.33888641E-6
7.790E+2	8.56475811E-6
7.800E+2	1.34401822E-5
7.810E+2	9.44145144E-6
7.820E+2	7.43494721E-6
7.830E+2	8.65326608E-6
7.840E+2	8.10390077E-6
7.850E+2	9.12900512E-6
7.860E+2	1.03473240E-5
7.870E+2	5.53482286E-6
7.880E+2	5.54949002E-6
7.890E+2	2.66891631E-6
7.900E+2	8.38787747E-7
7.910E+2	4.38228841E-6
7.920E+2	1.30715689E-5
7.930E+2	1.47833436E-6
7.940E+2	4.58051301E-6
7.950E+2	7.01366548E-6
7.960E+2	4.22654051E-6
7.970E+2	3.16730959E-6
7.980E+2	4.75071024E-6
7.990E+2	5.51935698E-6
8.000E+2	1.08173995E-5
8.010E+2	3.79088206E-6
8.020E+2	5.41247544E-6
8.030E+2	2.73165113E-6
8.040E+2	1.84406963E-6
8.050E+2	4.67824572E-6
8.060E+2	4.91125039E-6
8.070E+2	5.23443635E-7
8.080E+2	3.58975307E-6
8.090E+2	1.08043297E-7
8.100E+2	8.74322955E-6
8.110E+2	2.94795555E-7
8.120E+2	2.83236084E-6
8.130E+2	9.90818027E-7
8.140E+2	2.74138083E-6
8.150E+2	7.49419676E-6
8.160E+2	4.36602383E-6
8.170E+2	0.00000000E+0
8.180E+2	2.99369969E-6
8.190E+2	2.86656003E-6
8.200E+2	0.00000000E+0
8.210E+2	1.44970797E-6
8.220E+2	1.85634068E-6
8.230E+2	0.00000000E+0
8.240E+2	3.18302959E-6
8.250E+2	0.00000000E+0
8.260E+2	0.00000000E+0
8.270E+2	2.34536730E-6
8.280E+2	2.83613655E-7
8.290E+2	2.45066595E-6
8.300E+2	0.00000000E+0
8.310E+2	0.00000000E+0
8.320E+2	1.25367147E-5
8.330E+2	7.10711422E-7
8.340E+2	5.47252370E-6
8.350E+2	0.00000000E+0
8.360E+2	0.00000000E+0
8.370E+2	0.00000000E+0
8.380E+2	0.00000000E+0
8.390E+2	0.00000000E+0
8.400E+2	0.00000000E+0
8.410E+2	0.00000000E+0
8.420E+2	0.00000000E+0
8.430E+2	0.00000000E+0
8.440E+2	0.00000000E+0
8.450E+2	0.00000000E+0
8.460E+2	0.00000000E+0
8.470E+2	0.00000000E+0
8.480E+2	0.00000000E+0
8.490E+2	0.00000000E+0
8.500E+2	0.00000000E+0
8.510E+2	0.00000000E+0
8.520E+2	0.00000000E+0
8.530E+2	0.00000000E+0
8.540E+2	0.00000000E+0
8.550E+2	0.00000000E+0
8.560E+2	0.00000000E+0
8.570E+2	0.00000000E+0
8.580E+2	0.00000000E+0
8.590E+2	0.00000000E+0
8.600E+2	0.00000000E+0
8.610E+2	0.00000000E+0
8.620E+2	0.00000000E+0
8.630E+2	0.00000000E+0
8.640E+2	0.00000000E+0
8.650E+2	0.00000000E+0
8.660E+2	0.00000000E+0
8.670E+2	0.00000000E+0
8.680E+2	0.00000000E+0
8.690E+2	0.00000000E+0
8.700E+2	0.00000000E+0
8.710E+2	0.00000000E+0
8.720E+2	0.00000000E+0
8.730E+2	0.00000000E+0
8.740E+2	0.00000000E+0
8.750E+2	0.00000000E+0
8.760E+2	0.00000000E+0
8.770E+2	0.00000000E+0
8.780E+2	0.00000000E+0
8.790E+2	0.00000000E+0
8.800E+2	0.00000000E+0
8.810E+2	0.00000000E+0
8.820E+2	0.00000000E+0
8.830E+2	0.00000000E+0
8.840E+2	0.00000000E+0
8.850E+2	0.00000000E+0
8.860E+2	0.00000000E+0
8.870E+2	0.00000000E+0
8.880E+2	0.00000000E+0
8.890E+2	0.00000000E+0
8.900E+2	0.00000000E+0
8.910E+2	0.00000000E+0
8.920E+2	0.00000000E+0
8.930E+2	0.00000000E+0
8.940E+2	0.00000000E+0
8.950E+2	0.00000000E+0
8.960E+2	0.00000000E+0
8.970E+2	0.00000000E+0
8.980E+2	0.00000000E+0
8.990E+2	0.00000000E+0
9.000E+2	0.00000000E+0
9.010E+2	0.00000000E+0
9.020E+2	0.00000000E+0
9.030E+2	0.00000000E+0
9.040E+2	0.00000000E+0
9.050E+2	0.00000000E+0
9.060E+2	0.00000000E+0
9.070E+2	0.00000000E+0
9.080E+2	0.00000000E+0
9.090E+2	0.00000000E+0
9.100E+2	0.00000000E+0
9.110E+2	0.00000000E+0
9.120E+2	0.00000000E+0
9.130E+2	0.00000000E+0
9.140E+2	0.00000000E+0
9.150E+2	0.00000000E+0
9.160E+2	0.00000000E+0
9.170E+2	0.00000000E+0
9.180E+2	0.00000000E+0
9.190E+2	0.00000000E+0
9.200E+2	0.00000000E+0
9.210E+2	0.00000000E+0
9.220E+2	0.00000000E+0
9.230E+2	0.00000000E+0
9.240E+2	0.00000000E+0
9.250E+2	0.00000000E+0
9.260E+2	0.00000000E+0
9.270E+2	0.00000000E+0
9.280E+2	0.00000000E+0
9.290E+2	0.00000000E+0
9.300E+2	0.00000000E+0
9.310E+2	0.00000000E+0
9.320E+2	0.00000000E+0
9.330E+2	0.00000000E+0
9.340E+2	0.00000000E+0
9.350E+2	0.00000000E+0
9.360E+2	0.00000000E+0
9.370E+2	0.00000000E+0
9.380E+2	0.00000000E+0
9.390E+2	0.00000000E+0
9.400E+2	0.00000000E+0
9.410E+2	0.00000000E+0
9.420E+2	0.00000000E+0
9.430E+2	0.00000000E+0
9.440E+2	0.00000000E+0
9.450E+2	0.00000000E+0
9.460E+2	0.00000000E+0
9.470E+2	0.00000000E+0
9.480E+2	0.00000000E+0
9.490E+2	0.00000000E+0
9.500E+2	0.00000000E+0
9.510E+2	0.00000000E+0
9.520E+2	0.00000000E+0
9.530E+2	0.00000000E+0
9.540E+2	0.00000000E+0
9.550E+2	0.00000000E+0
9.560E+2	0.00000000E+0
9.570E+2	0.00000000E+0
9.580E+2	0.00000000E+0
9.590E+2	0.00000000E+0
9.600E+2	0.00000000E+0
9.610E+2	0.00000000E+0
9.620E+2	0.00000000E+0
9.630E+2	0.00000000E+0
9.640E+2	0.00000000E+0
9.650E+2	0.00000000E+0
9.660E+2	0.00000000E+0
9.670E+2	0.00000000E+0
9.680E+2	0.00000000E+0
9.690E+2	0.00000000E+0
9.700E+2	0.00000000E+0
9.710E+2	0.00000000E+0
9.720E+2	0.00000000E+0
9.730E+2	0.00000000E+0
9.740E+2	0.00000000E+0
9.750E+2	0.00000000E+0
9.760E+2	0.00000000E+0
9.770E+2	0.00000000E+0
9.780E+2	0.00000000E+0
9.790E+2	0.00000000E+0
9.800E+2	0.00000000E+0
9.810E+2	0.00000000E+0
9.820E+2	0.00000000E+0
9.830E+2	0.00000000E+0
9.840E+2	0.00000000E+0
9.850E+2	0.00000000E+0
9.860E+2	0.00000000E+0
9.870E+2	0.00000000E+0
9.880E+2	0.00000000E+0
9.890E+2	0.00000000E+0
9.900E+2	0.00000000E+0
9.910E+2	0.00000000E+0
9.920E+2	0.00000000E+0
9.930E+2	0.00000000E+0
9.940E+2	0.00000000E+0
9.950E+2	0.00000000E+0
9.960E+2	0.00000000E+0
9.970E+2	0.00000000E+0
9.980E+2	0.00000000E+0
9.990E+2	0.00000000E+0
1.000E+3	0.00000000E+0
1.001E+3	0.00000000E+0
1.002E+3	0.00000000E+0
1.003E+3	0.00000000E+0
1.004E+3	0.00000000E+0
1.005E+3	0.00000000E+0
1.006E+3	0.00000000E+0
1.007E+3	0.00000000E+0
1.008E+3	0.00000000E+0
1.009E+3	0.00000000E+0
1.010E+3	0.00000000E+0
1.011E+3	0.00000000E+0
1.012E+3	0.00000000E+0
1.013E+3	0.00000000E+0
1.014E+3	0.00000000E+0
1.015E+3	0.00000000E+0
1.016E+3	0.00000000E+0
1.017E+3	0.00000000E+0
1.018E+3	0.00000000E+0
1.019E+3	0.00000000E+0
