WAVELENGTH (nm)	SPECTRAL IRRADIANCE (W.m-2.nm-1)
3.410E+2	0.00000000E+0
3.420E+2	0.00000000E+0
3.430E+2	0.00000000E+0
3.440E+2	0.00000000E+0
3.450E+2	0.00000000E+0
3.460E+2	0.00000000E+0
3.470E+2	0.00000000E+0
3.480E+2	0.00000000E+0
3.490E+2	0.00000000E+0
3.500E+2	0.00000000E+0
3.510E+2	0.00000000E+0
3.520E+2	0.00000000E+0
3.530E+2	0.00000000E+0
3.540E+2	0.00000000E+0
3.550E+2	0.00000000E+0
3.560E+2	0.00000000E+0
3.570E+2	0.00000000E+0
3.580E+2	0.00000000E+0
3.590E+2	0.00000000E+0
3.600E+2	0.00000000E+0
3.610E+2	0.00000000E+0
3.620E+2	0.00000000E+0
3.630E+2	0.00000000E+0
3.640E+2	0.00000000E+0
3.650E+2	0.00000000E+0
3.660E+2	0.00000000E+0
3.670E+2	0.00000000E+0
3.680E+2	0.00000000E+0
3.690E+2	0.00000000E+0
3.700E+2	0.00000000E+0
3.710E+2	0.00000000E+0
3.720E+2	0.00000000E+0
3.730E+2	0.00000000E+0
3.740E+2	0.00000000E+0
3.750E+2	0.00000000E+0
3.760E+2	0.00000000E+0
3.770E+2	0.00000000E+0
3.780E+2	0.00000000E+0
3.790E+2	0.00000000E+0
3.800E+2	0.00000000E+0
3.810E+2	0.00000000E+0
3.820E+2	0.00000000E+0
3.830E+2	0.00000000E+0
3.840E+2	0.00000000E+0
3.850E+2	0.00000000E+0
3.860E+2	0.00000000E+0
3.870E+2	0.00000000E+0
3.880E+2	0.00000000E+0
3.890E+2	0.00000000E+0
3.900E+2	0.00000000E+0
3.910E+2	0.00000000E+0
3.920E+2	0.00000000E+0
3.930E+2	0.00000000E+0
3.940E+2	0.00000000E+0
3.950E+2	0.00000000E+0
3.960E+2	0.00000000E+0
3.970E+2	0.00000000E+0
3.980E+2	0.00000000E+0
3.990E+2	0.00000000E+0
4.000E+2	0.00000000E+0
4.010E+2	0.00000000E+0
4.020E+2	0.00000000E+0
4.030E+2	0.00000000E+0
4.040E+2	0.00000000E+0
4.050E+2	0.00000000E+0
4.060E+2	0.00000000E+0
4.070E+2	0.00000000E+0
4.080E+2	0.00000000E+0
4.090E+2	0.00000000E+0
4.100E+2	0.00000000E+0
4.110E+2	0.00000000E+0
4.120E+2	0.00000000E+0
4.130E+2	0.00000000E+0
4.140E+2	0.00000000E+0
4.150E+2	0.00000000E+0
4.160E+2	0.00000000E+0
4.170E+2	0.00000000E+0
4.180E+2	0.00000000E+0
4.190E+2	0.00000000E+0
4.200E+2	0.00000000E+0
4.210E+2	0.00000000E+0
4.220E+2	0.00000000E+0
4.230E+2	0.00000000E+0
4.240E+2	0.00000000E+0
4.250E+2	0.00000000E+0
4.260E+2	0.00000000E+0
4.270E+2	0.00000000E+0
4.280E+2	0.00000000E+0
4.290E+2	0.00000000E+0
4.300E+2	0.00000000E+0
4.310E+2	0.00000000E+0
4.320E+2	0.00000000E+0
4.330E+2	0.00000000E+0
4.340E+2	0.00000000E+0
4.350E+2	0.00000000E+0
4.360E+2	0.00000000E+0
4.370E+2	0.00000000E+0
4.380E+2	0.00000000E+0
4.390E+2	0.00000000E+0
4.400E+2	0.00000000E+0
4.410E+2	0.00000000E+0
4.420E+2	0.00000000E+0
4.430E+2	0.00000000E+0
4.440E+2	0.00000000E+0
4.450E+2	0.00000000E+0
4.460E+2	0.00000000E+0
4.470E+2	0.00000000E+0
4.480E+2	0.00000000E+0
4.490E+2	0.00000000E+0
4.500E+2	0.00000000E+0
4.510E+2	0.00000000E+0
4.520E+2	0.00000000E+0
4.530E+2	0.00000000E+0
4.540E+2	0.00000000E+0
4.550E+2	0.00000000E+0
4.560E+2	0.00000000E+0
4.570E+2	0.00000000E+0
4.580E+2	0.00000000E+0
4.590E+2	0.00000000E+0
4.600E+2	0.00000000E+0
4.610E+2	0.00000000E+0
4.620E+2	0.00000000E+0
4.630E+2	0.00000000E+0
4.640E+2	0.00000000E+0
4.650E+2	0.00000000E+0
4.660E+2	0.00000000E+0
4.670E+2	0.00000000E+0
4.680E+2	0.00000000E+0
4.690E+2	0.00000000E+0
4.700E+2	0.00000000E+0
4.710E+2	0.00000000E+0
4.720E+2	0.00000000E+0
4.730E+2	0.00000000E+0
4.740E+2	0.00000000E+0
4.750E+2	0.00000000E+0
4.760E+2	0.00000000E+0
4.770E+2	0.00000000E+0
4.780E+2	0.00000000E+0
4.790E+2	0.00000000E+0
4.800E+2	0.00000000E+0
4.810E+2	0.00000000E+0
4.820E+2	0.00000000E+0
4.830E+2	0.00000000E+0
4.840E+2	0.00000000E+0
4.850E+2	0.00000000E+0
4.860E+2	0.00000000E+0
4.870E+2	0.00000000E+0
4.880E+2	0.00000000E+0
4.890E+2	0.00000000E+0
4.900E+2	0.00000000E+0
4.910E+2	0.00000000E+0
4.920E+2	0.00000000E+0
4.930E+2	0.00000000E+0
4.940E+2	0.00000000E+0
4.950E+2	0.00000000E+0
4.960E+2	0.00000000E+0
4.970E+2	0.00000000E+0
4.980E+2	0.00000000E+0
4.990E+2	0.00000000E+0
5.000E+2	0.00000000E+0
5.010E+2	0.00000000E+0
5.020E+2	0.00000000E+0
5.030E+2	0.00000000E+0
5.040E+2	0.00000000E+0
5.050E+2	0.00000000E+0
5.060E+2	0.00000000E+0
5.070E+2	0.00000000E+0
5.080E+2	0.00000000E+0
5.090E+2	0.00000000E+0
5.100E+2	0.00000000E+0
5.110E+2	0.00000000E+0
5.120E+2	0.00000000E+0
5.130E+2	0.00000000E+0
5.140E+2	0.00000000E+0
5.150E+2	0.00000000E+0
5.160E+2	0.00000000E+0
5.170E+2	0.00000000E+0
5.180E+2	0.00000000E+0
5.190E+2	0.00000000E+0
5.200E+2	0.00000000E+0
5.210E+2	0.00000000E+0
5.220E+2	0.00000000E+0
5.230E+2	0.00000000E+0
5.240E+2	0.00000000E+0
5.250E+2	0.00000000E+0
5.260E+2	0.00000000E+0
5.270E+2	0.00000000E+0
5.280E+2	0.00000000E+0
5.290E+2	0.00000000E+0
5.300E+2	0.00000000E+0
5.310E+2	0.00000000E+0
5.320E+2	0.00000000E+0
5.330E+2	0.00000000E+0
5.340E+2	0.00000000E+0
5.350E+2	0.00000000E+0
5.360E+2	0.00000000E+0
5.370E+2	0.00000000E+0
5.380E+2	0.00000000E+0
5.390E+2	0.00000000E+0
5.400E+2	0.00000000E+0
5.410E+2	0.00000000E+0
5.420E+2	0.00000000E+0
5.430E+2	0.00000000E+0
5.440E+2	0.00000000E+0
5.450E+2	0.00000000E+0
5.460E+2	0.00000000E+0
5.470E+2	0.00000000E+0
5.480E+2	0.00000000E+0
5.490E+2	0.00000000E+0
5.500E+2	0.00000000E+0
5.510E+2	0.00000000E+0
5.520E+2	0.00000000E+0
5.530E+2	0.00000000E+0
5.540E+2	0.00000000E+0
5.550E+2	0.00000000E+0
5.560E+2	0.00000000E+0
5.570E+2	0.00000000E+0
5.580E+2	0.00000000E+0
5.590E+2	0.00000000E+0
5.600E+2	0.00000000E+0
5.610E+2	0.00000000E+0
5.620E+2	0.00000000E+0
5.630E+2	0.00000000E+0
5.640E+2	0.00000000E+0
5.650E+2	0.00000000E+0
5.660E+2	0.00000000E+0
5.670E+2	0.00000000E+0
5.680E+2	0.00000000E+0
5.690E+2	0.00000000E+0
5.700E+2	0.00000000E+0
5.710E+2	0.00000000E+0
5.720E+2	0.00000000E+0
5.730E+2	0.00000000E+0
5.740E+2	0.00000000E+0
5.750E+2	0.00000000E+0
5.760E+2	0.00000000E+0
5.770E+2	0.00000000E+0
5.780E+2	0.00000000E+0
5.790E+2	0.00000000E+0
5.800E+2	0.00000000E+0
5.810E+2	0.00000000E+0
5.820E+2	0.00000000E+0
5.830E+2	0.00000000E+0
5.840E+2	0.00000000E+0
5.850E+2	0.00000000E+0
5.860E+2	0.00000000E+0
5.870E+2	0.00000000E+0
5.880E+2	0.00000000E+0
5.890E+2	0.00000000E+0
5.900E+2	0.00000000E+0
5.910E+2	0.00000000E+0
5.920E+2	0.00000000E+0
5.930E+2	0.00000000E+0
5.940E+2	0.00000000E+0
5.950E+2	0.00000000E+0
5.960E+2	0.00000000E+0
5.970E+2	0.00000000E+0
5.980E+2	0.00000000E+0
5.990E+2	0.00000000E+0
6.000E+2	0.00000000E+0
6.010E+2	0.00000000E+0
6.020E+2	0.00000000E+0
6.030E+2	0.00000000E+0
6.040E+2	0.00000000E+0
6.050E+2	0.00000000E+0
6.060E+2	0.00000000E+0
6.070E+2	0.00000000E+0
6.080E+2	0.00000000E+0
6.090E+2	0.00000000E+0
6.100E+2	0.00000000E+0
6.110E+2	0.00000000E+0
6.120E+2	0.00000000E+0
6.130E+2	0.00000000E+0
6.140E+2	0.00000000E+0
6.150E+2	0.00000000E+0
6.160E+2	0.00000000E+0
6.170E+2	0.00000000E+0
6.180E+2	0.00000000E+0
6.190E+2	0.00000000E+0
6.200E+2	0.00000000E+0
6.210E+2	0.00000000E+0
6.220E+2	0.00000000E+0
6.230E+2	0.00000000E+0
6.240E+2	0.00000000E+0
6.250E+2	0.00000000E+0
6.260E+2	0.00000000E+0
6.270E+2	0.00000000E+0
6.280E+2	0.00000000E+0
6.290E+2	0.00000000E+0
6.300E+2	0.00000000E+0
6.310E+2	0.00000000E+0
6.320E+2	0.00000000E+0
6.330E+2	0.00000000E+0
6.340E+2	0.00000000E+0
6.350E+2	0.00000000E+0
6.360E+2	0.00000000E+0
6.370E+2	0.00000000E+0
6.380E+2	0.00000000E+0
6.390E+2	0.00000000E+0
6.400E+2	0.00000000E+0
6.410E+2	0.00000000E+0
6.420E+2	0.00000000E+0
6.430E+2	0.00000000E+0
6.440E+2	0.00000000E+0
6.450E+2	0.00000000E+0
6.460E+2	0.00000000E+0
6.470E+2	0.00000000E+0
6.480E+2	0.00000000E+0
6.490E+2	0.00000000E+0
6.500E+2	0.00000000E+0
6.510E+2	0.00000000E+0
6.520E+2	0.00000000E+0
6.530E+2	0.00000000E+0
6.540E+2	0.00000000E+0
6.550E+2	0.00000000E+0
6.560E+2	0.00000000E+0
6.570E+2	0.00000000E+0
6.580E+2	0.00000000E+0
6.590E+2	0.00000000E+0
6.600E+2	0.00000000E+0
6.610E+2	0.00000000E+0
6.620E+2	0.00000000E+0
6.630E+2	0.00000000E+0
6.640E+2	0.00000000E+0
6.650E+2	0.00000000E+0
6.660E+2	0.00000000E+0
6.670E+2	0.00000000E+0
6.680E+2	0.00000000E+0
6.690E+2	0.00000000E+0
6.700E+2	0.00000000E+0
6.710E+2	0.00000000E+0
6.720E+2	0.00000000E+0
6.730E+2	0.00000000E+0
6.740E+2	0.00000000E+0
6.750E+2	0.00000000E+0
6.760E+2	0.00000000E+0
6.770E+2	0.00000000E+0
6.780E+2	0.00000000E+0
6.790E+2	0.00000000E+0
6.800E+2	0.00000000E+0
6.810E+2	0.00000000E+0
6.820E+2	0.00000000E+0
6.830E+2	0.00000000E+0
6.840E+2	0.00000000E+0
6.850E+2	0.00000000E+0
6.860E+2	0.00000000E+0
6.870E+2	0.00000000E+0
6.880E+2	0.00000000E+0
6.890E+2	0.00000000E+0
6.900E+2	0.00000000E+0
6.910E+2	0.00000000E+0
6.920E+2	0.00000000E+0
6.930E+2	0.00000000E+0
6.940E+2	0.00000000E+0
6.950E+2	0.00000000E+0
6.960E+2	0.00000000E+0
6.970E+2	0.00000000E+0
6.980E+2	0.00000000E+0
6.990E+2	0.00000000E+0
7.000E+2	0.00000000E+0
7.010E+2	0.00000000E+0
7.020E+2	0.00000000E+0
7.030E+2	0.00000000E+0
7.040E+2	0.00000000E+0
7.050E+2	0.00000000E+0
7.060E+2	0.00000000E+0
7.070E+2	0.00000000E+0
7.080E+2	0.00000000E+0
7.090E+2	0.00000000E+0
7.100E+2	0.00000000E+0
7.110E+2	0.00000000E+0
7.120E+2	0.00000000E+0
7.130E+2	0.00000000E+0
7.140E+2	0.00000000E+0
7.150E+2	0.00000000E+0
7.160E+2	0.00000000E+0
7.170E+2	0.00000000E+0
7.180E+2	0.00000000E+0
7.190E+2	0.00000000E+0
7.200E+2	0.00000000E+0
7.210E+2	0.00000000E+0
7.220E+2	0.00000000E+0
7.230E+2	0.00000000E+0
7.240E+2	0.00000000E+0
7.250E+2	0.00000000E+0
7.260E+2	0.00000000E+0
7.270E+2	0.00000000E+0
7.280E+2	0.00000000E+0
7.290E+2	0.00000000E+0
7.300E+2	0.00000000E+0
7.310E+2	0.00000000E+0
7.320E+2	0.00000000E+0
7.330E+2	0.00000000E+0
7.340E+2	0.00000000E+0
7.350E+2	0.00000000E+0
7.360E+2	0.00000000E+0
7.370E+2	0.00000000E+0
7.380E+2	0.00000000E+0
7.390E+2	0.00000000E+0
7.400E+2	0.00000000E+0
7.410E+2	0.00000000E+0
7.420E+2	0.00000000E+0
7.430E+2	0.00000000E+0
7.440E+2	0.00000000E+0
7.450E+2	0.00000000E+0
7.460E+2	0.00000000E+0
7.470E+2	0.00000000E+0
7.480E+2	0.00000000E+0
7.490E+2	0.00000000E+0
7.500E+2	0.00000000E+0
7.510E+2	0.00000000E+0
7.520E+2	0.00000000E+0
7.530E+2	0.00000000E+0
7.540E+2	0.00000000E+0
7.550E+2	0.00000000E+0
7.560E+2	0.00000000E+0
7.570E+2	0.00000000E+0
7.580E+2	0.00000000E+0
7.590E+2	0.00000000E+0
7.600E+2	0.00000000E+0
7.610E+2	8.72573837E-6
7.620E+2	1.74514825E-5
7.630E+2	2.61772122E-5
7.640E+2	3.49029650E-5
7.650E+2	4.36287062E-5
7.660E+2	6.54430450E-5
7.670E+2	8.72573837E-5
7.680E+2	1.09071751E-4
7.690E+2	1.30886119E-4
7.700E+2	1.52700486E-4
7.710E+2	1.70151854E-4
7.720E+2	1.87603336E-4
7.730E+2	2.05054819E-4
7.740E+2	2.22506301E-4
7.750E+2	2.39957784E-4
7.760E+2	2.57409266E-4
7.770E+2	2.74860749E-4
7.780E+2	2.92312116E-4
7.790E+2	3.09763599E-4
7.800E+2	3.27215081E-4
7.810E+2	3.68420122E-4
7.820E+2	4.09624876E-4
7.830E+2	4.50829629E-4
7.840E+2	4.92034670E-4
7.850E+2	5.33239424E-4
7.860E+2	5.74444465E-4
7.870E+2	6.47886108E-4
7.880E+2	7.21327752E-4
7.890E+2	7.94769395E-4
7.900E+2	8.68211039E-4
7.910E+2	9.41652682E-4
7.920E+2	1.01509375E-3
7.930E+2	1.08853597E-3
7.940E+2	1.16197790E-3
7.950E+2	1.23541926E-3
7.960E+2	1.30886119E-3
7.970E+2	1.46228824E-3
7.980E+2	1.61571558E-3
7.990E+2	1.76914379E-3
8.000E+2	1.92257084E-3
8.010E+2	2.07599904E-3
8.020E+2	2.22942639E-3
8.030E+2	2.38285344E-3
8.040E+2	2.53628164E-3
8.050E+2	2.68970899E-3
8.060E+2	2.84313604E-3
8.070E+2	3.08600262E-3
8.080E+2	3.32886921E-3
8.090E+2	3.57173579E-3
8.100E+2	3.81460238E-3
8.110E+2	4.05746896E-3
8.120E+2	4.40649861E-3
8.130E+2	4.75552826E-3
8.140E+2	5.10455791E-3
8.150E+2	5.45358756E-3
8.160E+2	5.80261721E-3
8.170E+2	6.15164686E-3
8.180E+2	6.50067651E-3
8.190E+2	6.84970329E-3
8.200E+2	7.48959290E-3
8.210E+2	8.07130994E-3
8.220E+2	8.61666697E-3
8.230E+2	9.16202400E-3
8.240E+2	9.45288396E-3
8.250E+2	1.02527409E-2
8.260E+2	1.10526008E-2
8.270E+2	1.12707407E-2
8.280E+2	1.21433235E-2
8.290E+2	1.27250376E-2
8.300E+2	1.33067489E-2
8.310E+2	1.43974716E-2
8.320E+2	1.48337486E-2
8.330E+2	1.56336114E-2
8.340E+2	1.60698970E-2
8.350E+2	1.69424711E-2
8.360E+2	1.79604824E-2
8.370E+2	1.84694823E-2
8.380E+2	1.93420564E-2
8.390E+2	1.97783420E-2
8.400E+2	2.10144818E-2
8.410E+2	2.18385826E-2
8.420E+2	2.26626863E-2
8.430E+2	2.34867785E-2
8.440E+2	2.39230641E-2
8.450E+2	2.48683525E-2
8.460E+2	2.60317866E-2
8.470E+2	2.63953637E-2
8.480E+2	2.73406492E-2
8.490E+2	2.75587863E-2
8.500E+2	2.82132233E-2
8.510E+2	2.84313604E-2
8.520E+2	2.82859347E-2
8.530E+2	2.81405119E-2
8.540E+2	2.79223605E-2
8.550E+2	2.71952120E-2
8.560E+2	2.58136380E-2
8.570E+2	2.51592125E-2
8.580E+2	2.34140642E-2
8.590E+2	2.21779159E-2
8.600E+2	2.05054819E-2
8.610E+2	1.81059081E-2
8.620E+2	1.68697597E-2
8.630E+2	1.49791858E-2
8.640E+2	1.38884631E-2
8.650E+2	1.20342492E-2
8.660E+2	1.01800295E-2
8.670E+2	9.12566974E-3
8.680E+2	8.07130994E-3
8.690E+2	7.05330727E-3
8.700E+2	6.03530173E-3
8.710E+2	5.16272760E-3
8.720E+2	4.62948962E-3
8.730E+2	4.09624876E-3
8.740E+2	3.56301077E-3
8.750E+2	3.09036514E-3
8.760E+2	2.61772122E-3
8.770E+2	2.32686385E-3
8.780E+2	2.03600562E-3
8.790E+2	1.74514739E-3
8.800E+2	1.52700457E-3
8.810E+2	1.30886119E-3
8.820E+2	1.16343150E-3
8.830E+2	9.74374104E-4
8.840E+2	9.16202400E-4
8.850E+2	7.85316425E-4
8.860E+2	6.68973304E-4
8.870E+2	6.03530173E-4
8.880E+2	5.38087042E-4
8.890E+2	5.23544188E-4
8.900E+2	3.63572217E-4
8.910E+2	3.78115358E-4
8.920E+2	4.21744208E-4
8.930E+2	3.34486796E-4
8.940E+2	3.05401087E-4
8.950E+2	2.61772122E-4
8.960E+2	2.18143416E-4
8.970E+2	2.03600562E-4
8.980E+2	1.89057679E-4
8.990E+2	1.74514825E-4
9.000E+2	1.59971856E-4
9.010E+2	1.45428973E-4
9.020E+2	1.30886119E-4
9.030E+2	1.16343150E-4
9.040E+2	1.01800267E-4
9.050E+2	8.72573837E-5
9.060E+2	7.56230717E-5
9.070E+2	6.39887596E-5
9.080E+2	5.23544475E-5
9.090E+2	4.07201354E-5
9.100E+2	2.90857946E-5
9.110E+2	2.61772122E-5
9.120E+2	2.32686385E-5
9.130E+2	2.03600562E-5
9.140E+2	1.74514825E-5
9.150E+2	1.45428973E-5
9.160E+2	1.16343150E-5
9.170E+2	8.72573837E-6
9.180E+2	5.81715892E-6
9.190E+2	2.90857946E-6
9.200E+2	0.00000000E+0
9.210E+2	0.00000000E+0
9.220E+2	0.00000000E+0
9.230E+2	0.00000000E+0
9.240E+2	0.00000000E+0
9.250E+2	0.00000000E+0
9.260E+2	0.00000000E+0
9.270E+2	0.00000000E+0
9.280E+2	0.00000000E+0
9.290E+2	0.00000000E+0
9.300E+2	0.00000000E+0
9.310E+2	0.00000000E+0
9.320E+2	0.00000000E+0
9.330E+2	0.00000000E+0
9.340E+2	0.00000000E+0
9.350E+2	0.00000000E+0
9.360E+2	0.00000000E+0
9.370E+2	0.00000000E+0
9.380E+2	0.00000000E+0
9.390E+2	0.00000000E+0
9.400E+2	0.00000000E+0
9.410E+2	0.00000000E+0
9.420E+2	0.00000000E+0
9.430E+2	0.00000000E+0
9.440E+2	0.00000000E+0
9.450E+2	0.00000000E+0
9.460E+2	0.00000000E+0
9.470E+2	0.00000000E+0
9.480E+2	0.00000000E+0
9.490E+2	0.00000000E+0
9.500E+2	0.00000000E+0
9.510E+2	0.00000000E+0
9.520E+2	0.00000000E+0
9.530E+2	0.00000000E+0
9.540E+2	0.00000000E+0
9.550E+2	0.00000000E+0
9.560E+2	0.00000000E+0
9.570E+2	0.00000000E+0
9.580E+2	0.00000000E+0
9.590E+2	0.00000000E+0
9.600E+2	0.00000000E+0
9.610E+2	0.00000000E+0
9.620E+2	0.00000000E+0
9.630E+2	0.00000000E+0
9.640E+2	0.00000000E+0
9.650E+2	0.00000000E+0
9.660E+2	0.00000000E+0
9.670E+2	0.00000000E+0
9.680E+2	0.00000000E+0
9.690E+2	0.00000000E+0
9.700E+2	0.00000000E+0
9.710E+2	0.00000000E+0
9.720E+2	0.00000000E+0
9.730E+2	0.00000000E+0
9.740E+2	0.00000000E+0
9.750E+2	0.00000000E+0
9.760E+2	0.00000000E+0
9.770E+2	0.00000000E+0
9.780E+2	0.00000000E+0
9.790E+2	0.00000000E+0
9.800E+2	0.00000000E+0
9.810E+2	0.00000000E+0
9.820E+2	0.00000000E+0
9.830E+2	0.00000000E+0
9.840E+2	0.00000000E+0
9.850E+2	0.00000000E+0
9.860E+2	0.00000000E+0
9.870E+2	0.00000000E+0
9.880E+2	0.00000000E+0
9.890E+2	0.00000000E+0
9.900E+2	0.00000000E+0
9.910E+2	0.00000000E+0
9.920E+2	0.00000000E+0
9.930E+2	0.00000000E+0
9.940E+2	0.00000000E+0
9.950E+2	0.00000000E+0
9.960E+2	0.00000000E+0
9.970E+2	0.00000000E+0
9.980E+2	0.00000000E+0
9.990E+2	0.00000000E+0
1.000E+3	0.00000000E+0
1.001E+3	0.00000000E+0
1.002E+3	0.00000000E+0
1.003E+3	0.00000000E+0
1.004E+3	0.00000000E+0
1.005E+3	0.00000000E+0
1.006E+3	0.00000000E+0
1.007E+3	0.00000000E+0
1.008E+3	0.00000000E+0
1.009E+3	0.00000000E+0
1.010E+3	0.00000000E+0
1.011E+3	0.00000000E+0
1.012E+3	0.00000000E+0
1.013E+3	0.00000000E+0
1.014E+3	0.00000000E+0
1.015E+3	0.00000000E+0
1.016E+3	0.00000000E+0
1.017E+3	0.00000000E+0
1.018E+3	0.00000000E+0
1.019E+3	0.00000000E+0
