WAVELENGTH (nm)	SPECTRAL IRRADIANCE (W.m-2.nm-1)
3.410E+2	0.00000000E+0
3.420E+2	0.00000000E+0
3.430E+2	0.00000000E+0
3.440E+2	0.00000000E+0
3.450E+2	0.00000000E+0
3.460E+2	0.00000000E+0
3.470E+2	0.00000000E+0
3.480E+2	0.00000000E+0
3.490E+2	0.00000000E+0
3.500E+2	0.00000000E+0
3.510E+2	0.00000000E+0
3.520E+2	0.00000000E+0
3.530E+2	0.00000000E+0
3.540E+2	0.00000000E+0
3.550E+2	0.00000000E+0
3.560E+2	0.00000000E+0
3.570E+2	0.00000000E+0
3.580E+2	0.00000000E+0
3.590E+2	0.00000000E+0
3.600E+2	0.00000000E+0
3.610E+2	0.00000000E+0
3.620E+2	0.00000000E+0
3.630E+2	0.00000000E+0
3.640E+2	0.00000000E+0
3.650E+2	0.00000000E+0
3.660E+2	0.00000000E+0
3.670E+2	0.00000000E+0
3.680E+2	0.00000000E+0
3.690E+2	0.00000000E+0
3.700E+2	0.00000000E+0
3.710E+2	0.00000000E+0
3.720E+2	0.00000000E+0
3.730E+2	0.00000000E+0
3.740E+2	0.00000000E+0
3.750E+2	0.00000000E+0
3.760E+2	0.00000000E+0
3.770E+2	0.00000000E+0
3.780E+2	0.00000000E+0
3.790E+2	0.00000000E+0
3.800E+2	0.00000000E+0
3.810E+2	0.00000000E+0
3.820E+2	0.00000000E+0
3.830E+2	0.00000000E+0
3.840E+2	0.00000000E+0
3.850E+2	0.00000000E+0
3.860E+2	0.00000000E+0
3.870E+2	0.00000000E+0
3.880E+2	0.00000000E+0
3.890E+2	0.00000000E+0
3.900E+2	0.00000000E+0
3.910E+2	0.00000000E+0
3.920E+2	0.00000000E+0
3.930E+2	0.00000000E+0
3.940E+2	0.00000000E+0
3.950E+2	0.00000000E+0
3.960E+2	0.00000000E+0
3.970E+2	0.00000000E+0
3.980E+2	0.00000000E+0
3.990E+2	0.00000000E+0
4.000E+2	0.00000000E+0
4.010E+2	0.00000000E+0
4.020E+2	0.00000000E+0
4.030E+2	0.00000000E+0
4.040E+2	0.00000000E+0
4.050E+2	0.00000000E+0
4.060E+2	0.00000000E+0
4.070E+2	0.00000000E+0
4.080E+2	0.00000000E+0
4.090E+2	0.00000000E+0
4.100E+2	0.00000000E+0
4.110E+2	0.00000000E+0
4.120E+2	0.00000000E+0
4.130E+2	0.00000000E+0
4.140E+2	0.00000000E+0
4.150E+2	0.00000000E+0
4.160E+2	0.00000000E+0
4.170E+2	0.00000000E+0
4.180E+2	0.00000000E+0
4.190E+2	0.00000000E+0
4.200E+2	0.00000000E+0
4.210E+2	0.00000000E+0
4.220E+2	0.00000000E+0
4.230E+2	0.00000000E+0
4.240E+2	0.00000000E+0
4.250E+2	0.00000000E+0
4.260E+2	0.00000000E+0
4.270E+2	0.00000000E+0
4.280E+2	0.00000000E+0
4.290E+2	0.00000000E+0
4.300E+2	0.00000000E+0
4.310E+2	0.00000000E+0
4.320E+2	0.00000000E+0
4.330E+2	0.00000000E+0
4.340E+2	0.00000000E+0
4.350E+2	0.00000000E+0
4.360E+2	0.00000000E+0
4.370E+2	0.00000000E+0
4.380E+2	0.00000000E+0
4.390E+2	0.00000000E+0
4.400E+2	0.00000000E+0
4.410E+2	0.00000000E+0
4.420E+2	0.00000000E+0
4.430E+2	0.00000000E+0
4.440E+2	0.00000000E+0
4.450E+2	0.00000000E+0
4.460E+2	0.00000000E+0
4.470E+2	0.00000000E+0
4.480E+2	0.00000000E+0
4.490E+2	0.00000000E+0
4.500E+2	0.00000000E+0
4.510E+2	0.00000000E+0
4.520E+2	0.00000000E+0
4.530E+2	0.00000000E+0
4.540E+2	0.00000000E+0
4.550E+2	0.00000000E+0
4.560E+2	0.00000000E+0
4.570E+2	0.00000000E+0
4.580E+2	0.00000000E+0
4.590E+2	0.00000000E+0
4.600E+2	0.00000000E+0
4.610E+2	0.00000000E+0
4.620E+2	0.00000000E+0
4.630E+2	0.00000000E+0
4.640E+2	0.00000000E+0
4.650E+2	0.00000000E+0
4.660E+2	0.00000000E+0
4.670E+2	0.00000000E+0
4.680E+2	0.00000000E+0
4.690E+2	0.00000000E+0
4.700E+2	0.00000000E+0
4.710E+2	0.00000000E+0
4.720E+2	0.00000000E+0
4.730E+2	0.00000000E+0
4.740E+2	0.00000000E+0
4.750E+2	0.00000000E+0
4.760E+2	0.00000000E+0
4.770E+2	0.00000000E+0
4.780E+2	0.00000000E+0
4.790E+2	0.00000000E+0
4.800E+2	0.00000000E+0
4.810E+2	0.00000000E+0
4.820E+2	0.00000000E+0
4.830E+2	0.00000000E+0
4.840E+2	0.00000000E+0
4.850E+2	0.00000000E+0
4.860E+2	0.00000000E+0
4.870E+2	0.00000000E+0
4.880E+2	0.00000000E+0
4.890E+2	0.00000000E+0
4.900E+2	0.00000000E+0
4.910E+2	0.00000000E+0
4.920E+2	0.00000000E+0
4.930E+2	0.00000000E+0
4.940E+2	0.00000000E+0
4.950E+2	0.00000000E+0
4.960E+2	0.00000000E+0
4.970E+2	0.00000000E+0
4.980E+2	0.00000000E+0
4.990E+2	0.00000000E+0
5.000E+2	0.00000000E+0
5.010E+2	0.00000000E+0
5.020E+2	0.00000000E+0
5.030E+2	0.00000000E+0
5.040E+2	0.00000000E+0
5.050E+2	0.00000000E+0
5.060E+2	0.00000000E+0
5.070E+2	0.00000000E+0
5.080E+2	0.00000000E+0
5.090E+2	0.00000000E+0
5.100E+2	0.00000000E+0
5.110E+2	0.00000000E+0
5.120E+2	0.00000000E+0
5.130E+2	0.00000000E+0
5.140E+2	0.00000000E+0
5.150E+2	0.00000000E+0
5.160E+2	0.00000000E+0
5.170E+2	0.00000000E+0
5.180E+2	0.00000000E+0
5.190E+2	0.00000000E+0
5.200E+2	0.00000000E+0
5.210E+2	0.00000000E+0
5.220E+2	0.00000000E+0
5.230E+2	0.00000000E+0
5.240E+2	0.00000000E+0
5.250E+2	0.00000000E+0
5.260E+2	0.00000000E+0
5.270E+2	0.00000000E+0
5.280E+2	0.00000000E+0
5.290E+2	0.00000000E+0
5.300E+2	0.00000000E+0
5.310E+2	0.00000000E+0
5.320E+2	0.00000000E+0
5.330E+2	0.00000000E+0
5.340E+2	0.00000000E+0
5.350E+2	0.00000000E+0
5.360E+2	0.00000000E+0
5.370E+2	0.00000000E+0
5.380E+2	0.00000000E+0
5.390E+2	0.00000000E+0
5.400E+2	0.00000000E+0
5.410E+2	0.00000000E+0
5.420E+2	0.00000000E+0
5.430E+2	0.00000000E+0
5.440E+2	0.00000000E+0
5.450E+2	0.00000000E+0
5.460E+2	0.00000000E+0
5.470E+2	0.00000000E+0
5.480E+2	0.00000000E+0
5.490E+2	0.00000000E+0
5.500E+2	7.44694463E-6
5.510E+2	2.98490796E-5
5.520E+2	0.00000000E+0
5.530E+2	0.00000000E+0
5.540E+2	3.32546945E-5
5.550E+2	5.31275928E-6
5.560E+2	9.44490539E-6
5.570E+2	3.80307289E-5
5.580E+2	1.00352120E-7
5.590E+2	2.22518338E-5
5.600E+2	3.44875271E-6
5.610E+2	0.00000000E+0
5.620E+2	6.48706071E-5
5.630E+2	2.05948886E-5
5.640E+2	3.89820307E-5
5.650E+2	9.30868079E-7
5.660E+2	8.93633356E-7
5.670E+2	4.94100236E-5
5.680E+2	1.03082969E-4
5.690E+2	6.58759447E-5
5.700E+2	1.07068749E-4
5.710E+2	1.60218289E-5
5.720E+2	1.12044731E-4
5.730E+2	6.49064796E-5
5.740E+2	6.10131806E-5
5.750E+2	9.34727776E-5
5.760E+2	6.05241343E-5
5.770E+2	9.67194638E-5
5.780E+2	1.04249051E-4
5.790E+2	1.78994863E-4
5.800E+2	1.11161542E-4
5.810E+2	1.44598626E-4
5.820E+2	2.26569204E-4
5.830E+2	3.00577303E-4
5.840E+2	2.31634034E-4
5.850E+2	3.45659982E-4
5.860E+2	3.05545414E-4
5.870E+2	4.32924040E-4
5.880E+2	4.54940205E-4
5.890E+2	5.52421164E-4
5.900E+2	5.90208505E-4
5.910E+2	7.07262214E-4
5.920E+2	7.95159527E-4
5.930E+2	8.60489628E-4
5.940E+2	1.01412674E-3
5.950E+2	1.12048893E-3
5.960E+2	1.20995917E-3
5.970E+2	1.47330489E-3
5.980E+2	1.61523491E-3
5.990E+2	1.89303875E-3
6.000E+2	2.06472973E-3
6.010E+2	2.35353912E-3
6.020E+2	2.58535441E-3
6.030E+2	2.99719845E-3
6.040E+2	3.34505505E-3
6.050E+2	3.62635364E-3
6.060E+2	4.29061173E-3
6.070E+2	4.66088296E-3
6.080E+2	5.33852749E-3
6.090E+2	5.85203273E-3
6.100E+2	6.63578628E-3
6.110E+2	7.31302450E-3
6.120E+2	8.26538201E-3
6.130E+2	9.05918166E-3
6.140E+2	1.00990786E-2
6.150E+2	1.14107512E-2
6.160E+2	1.27613741E-2
6.170E+2	1.43520110E-2
6.180E+2	1.62546935E-2
6.190E+2	1.81103053E-2
6.200E+2	2.00762816E-2
6.210E+2	2.21445243E-2
6.220E+2	2.51305188E-2
6.230E+2	2.82760909E-2
6.240E+2	3.12543839E-2
6.250E+2	3.52806821E-2
6.260E+2	3.94175653E-2
6.270E+2	4.39933944E-2
6.280E+2	4.82484553E-2
6.290E+2	5.18156251E-2
6.300E+2	5.58543060E-2
6.310E+2	5.92897411E-2
6.320E+2	6.18313749E-2
6.330E+2	6.51118392E-2
6.340E+2	6.69287243E-2
6.350E+2	6.80535374E-2
6.360E+2	6.86078240E-2
6.370E+2	6.80608396E-2
6.380E+2	6.49083655E-2
6.390E+2	6.03523277E-2
6.400E+2	5.45272384E-2
6.410E+2	4.41176210E-2
6.420E+2	3.62637795E-2
6.430E+2	2.93151785E-2
6.440E+2	2.36834238E-2
6.450E+2	1.93856532E-2
6.460E+2	1.59259396E-2
6.470E+2	1.29890153E-2
6.480E+2	1.04374983E-2
6.490E+2	8.65168091E-3
6.500E+2	6.96244104E-3
6.510E+2	5.73110928E-3
6.520E+2	4.56085390E-3
6.530E+2	3.69912020E-3
6.540E+2	2.91685242E-3
6.550E+2	2.41288953E-3
6.560E+2	1.95030485E-3
6.570E+2	1.70196741E-3
6.580E+2	1.38972361E-3
6.590E+2	1.18825310E-3
6.600E+2	9.22776042E-4
6.610E+2	8.28351173E-4
6.620E+2	7.16034322E-4
6.630E+2	5.88372296E-4
6.640E+2	5.37390899E-4
6.650E+2	3.77408765E-4
6.660E+2	2.74957997E-4
6.670E+2	2.92710711E-4
6.680E+2	1.77875267E-4
6.690E+2	1.88140482E-4
6.700E+2	1.38915033E-4
6.710E+2	9.72169798E-5
6.720E+2	1.10865105E-4
6.730E+2	1.04227426E-4
6.740E+2	1.08647507E-4
6.750E+2	4.02637462E-5
6.760E+2	6.07630802E-6
6.770E+2	5.92127850E-5
6.780E+2	3.70105202E-5
6.790E+2	4.14917418E-5
6.800E+2	4.41782291E-5
6.810E+2	1.57048205E-5
6.820E+2	3.74864425E-6
6.830E+2	0.00000000E+0
6.840E+2	1.95255256E-5
6.850E+2	1.19048452E-5
6.860E+2	1.47576647E-7
6.870E+2	2.67133473E-5
6.880E+2	9.67737562E-6
6.890E+2	7.44694463E-6
6.900E+2	1.19048452E-5
6.910E+2	0.00000000E+0
6.920E+2	0.00000000E+0
6.930E+2	0.00000000E+0
6.940E+2	0.00000000E+0
6.950E+2	3.08435192E-5
6.960E+2	0.00000000E+0
6.970E+2	0.00000000E+0
6.980E+2	0.00000000E+0
6.990E+2	8.98292632E-8
7.000E+2	0.00000000E+0
7.010E+2	1.72042782E-5
7.020E+2	0.00000000E+0
7.030E+2	2.47113483E-6
7.040E+2	0.00000000E+0
7.050E+2	3.32666658E-6
7.060E+2	3.27235173E-6
7.070E+2	0.00000000E+0
7.080E+2	1.01813079E-5
7.090E+2	9.22096041E-6
7.100E+2	1.87634575E-5
7.110E+2	2.17804554E-5
7.120E+2	3.53922361E-5
7.130E+2	7.73814939E-6
7.140E+2	9.39124115E-6
7.150E+2	0.00000000E+0
7.160E+2	1.40489019E-5
7.170E+2	1.49452203E-6
7.180E+2	0.00000000E+0
7.190E+2	0.00000000E+0
7.200E+2	0.00000000E+0
7.210E+2	4.69562058E-6
7.220E+2	2.67495572E-6
7.230E+2	1.01559565E-5
7.240E+2	2.37118519E-5
7.250E+2	0.00000000E+0
7.260E+2	0.00000000E+0
7.270E+2	0.00000000E+0
7.280E+2	0.00000000E+0
7.290E+2	0.00000000E+0
7.300E+2	0.00000000E+0
7.310E+2	0.00000000E+0
7.320E+2	0.00000000E+0
7.330E+2	0.00000000E+0
7.340E+2	0.00000000E+0
7.350E+2	0.00000000E+0
7.360E+2	0.00000000E+0
7.370E+2	0.00000000E+0
7.380E+2	0.00000000E+0
7.390E+2	0.00000000E+0
7.400E+2	0.00000000E+0
7.410E+2	0.00000000E+0
7.420E+2	0.00000000E+0
7.430E+2	0.00000000E+0
7.440E+2	0.00000000E+0
7.450E+2	0.00000000E+0
7.460E+2	0.00000000E+0
7.470E+2	0.00000000E+0
7.480E+2	0.00000000E+0
7.490E+2	0.00000000E+0
7.500E+2	0.00000000E+0
7.510E+2	0.00000000E+0
7.520E+2	0.00000000E+0
7.530E+2	0.00000000E+0
7.540E+2	0.00000000E+0
7.550E+2	0.00000000E+0
7.560E+2	0.00000000E+0
7.570E+2	0.00000000E+0
7.580E+2	0.00000000E+0
7.590E+2	0.00000000E+0
7.600E+2	0.00000000E+0
7.610E+2	0.00000000E+0
7.620E+2	0.00000000E+0
7.630E+2	0.00000000E+0
7.640E+2	0.00000000E+0
7.650E+2	0.00000000E+0
7.660E+2	0.00000000E+0
7.670E+2	0.00000000E+0
7.680E+2	0.00000000E+0
7.690E+2	0.00000000E+0
7.700E+2	0.00000000E+0
7.710E+2	0.00000000E+0
7.720E+2	0.00000000E+0
7.730E+2	0.00000000E+0
7.740E+2	0.00000000E+0
7.750E+2	0.00000000E+0
7.760E+2	0.00000000E+0
7.770E+2	0.00000000E+0
7.780E+2	0.00000000E+0
7.790E+2	0.00000000E+0
7.800E+2	0.00000000E+0
7.810E+2	0.00000000E+0
7.820E+2	0.00000000E+0
7.830E+2	0.00000000E+0
7.840E+2	0.00000000E+0
7.850E+2	0.00000000E+0
7.860E+2	0.00000000E+0
7.870E+2	0.00000000E+0
7.880E+2	0.00000000E+0
7.890E+2	0.00000000E+0
7.900E+2	0.00000000E+0
7.910E+2	0.00000000E+0
7.920E+2	0.00000000E+0
7.930E+2	0.00000000E+0
7.940E+2	0.00000000E+0
7.950E+2	0.00000000E+0
7.960E+2	0.00000000E+0
7.970E+2	0.00000000E+0
7.980E+2	0.00000000E+0
7.990E+2	0.00000000E+0
8.000E+2	0.00000000E+0
8.010E+2	0.00000000E+0
8.020E+2	0.00000000E+0
8.030E+2	0.00000000E+0
8.040E+2	0.00000000E+0
8.050E+2	0.00000000E+0
8.060E+2	0.00000000E+0
8.070E+2	0.00000000E+0
8.080E+2	0.00000000E+0
8.090E+2	0.00000000E+0
8.100E+2	0.00000000E+0
8.110E+2	0.00000000E+0
8.120E+2	0.00000000E+0
8.130E+2	0.00000000E+0
8.140E+2	0.00000000E+0
8.150E+2	0.00000000E+0
8.160E+2	0.00000000E+0
8.170E+2	0.00000000E+0
8.180E+2	0.00000000E+0
8.190E+2	0.00000000E+0
8.200E+2	0.00000000E+0
8.210E+2	0.00000000E+0
8.220E+2	0.00000000E+0
8.230E+2	0.00000000E+0
8.240E+2	0.00000000E+0
8.250E+2	0.00000000E+0
8.260E+2	0.00000000E+0
8.270E+2	0.00000000E+0
8.280E+2	0.00000000E+0
8.290E+2	0.00000000E+0
8.300E+2	0.00000000E+0
8.310E+2	0.00000000E+0
8.320E+2	0.00000000E+0
8.330E+2	0.00000000E+0
8.340E+2	0.00000000E+0
8.350E+2	0.00000000E+0
8.360E+2	0.00000000E+0
8.370E+2	0.00000000E+0
8.380E+2	0.00000000E+0
8.390E+2	0.00000000E+0
8.400E+2	0.00000000E+0
8.410E+2	0.00000000E+0
8.420E+2	0.00000000E+0
8.430E+2	0.00000000E+0
8.440E+2	0.00000000E+0
8.450E+2	0.00000000E+0
8.460E+2	0.00000000E+0
8.470E+2	0.00000000E+0
8.480E+2	0.00000000E+0
8.490E+2	0.00000000E+0
8.500E+2	0.00000000E+0
8.510E+2	0.00000000E+0
8.520E+2	0.00000000E+0
8.530E+2	0.00000000E+0
8.540E+2	0.00000000E+0
8.550E+2	0.00000000E+0
8.560E+2	0.00000000E+0
8.570E+2	0.00000000E+0
8.580E+2	0.00000000E+0
8.590E+2	0.00000000E+0
8.600E+2	0.00000000E+0
8.610E+2	0.00000000E+0
8.620E+2	0.00000000E+0
8.630E+2	0.00000000E+0
8.640E+2	0.00000000E+0
8.650E+2	0.00000000E+0
8.660E+2	0.00000000E+0
8.670E+2	0.00000000E+0
8.680E+2	0.00000000E+0
8.690E+2	0.00000000E+0
8.700E+2	0.00000000E+0
8.710E+2	0.00000000E+0
8.720E+2	0.00000000E+0
8.730E+2	0.00000000E+0
8.740E+2	0.00000000E+0
8.750E+2	0.00000000E+0
8.760E+2	0.00000000E+0
8.770E+2	0.00000000E+0
8.780E+2	0.00000000E+0
8.790E+2	0.00000000E+0
8.800E+2	0.00000000E+0
8.810E+2	0.00000000E+0
8.820E+2	0.00000000E+0
8.830E+2	0.00000000E+0
8.840E+2	0.00000000E+0
8.850E+2	0.00000000E+0
8.860E+2	0.00000000E+0
8.870E+2	0.00000000E+0
8.880E+2	0.00000000E+0
8.890E+2	0.00000000E+0
8.900E+2	0.00000000E+0
8.910E+2	0.00000000E+0
8.920E+2	0.00000000E+0
8.930E+2	0.00000000E+0
8.940E+2	0.00000000E+0
8.950E+2	0.00000000E+0
8.960E+2	0.00000000E+0
8.970E+2	0.00000000E+0
8.980E+2	0.00000000E+0
8.990E+2	0.00000000E+0
9.000E+2	0.00000000E+0
9.010E+2	0.00000000E+0
9.020E+2	0.00000000E+0
9.030E+2	0.00000000E+0
9.040E+2	0.00000000E+0
9.050E+2	0.00000000E+0
9.060E+2	0.00000000E+0
9.070E+2	0.00000000E+0
9.080E+2	0.00000000E+0
9.090E+2	0.00000000E+0
9.100E+2	0.00000000E+0
9.110E+2	0.00000000E+0
9.120E+2	0.00000000E+0
9.130E+2	0.00000000E+0
9.140E+2	0.00000000E+0
9.150E+2	0.00000000E+0
9.160E+2	0.00000000E+0
9.170E+2	0.00000000E+0
9.180E+2	0.00000000E+0
9.190E+2	0.00000000E+0
9.200E+2	0.00000000E+0
9.210E+2	0.00000000E+0
9.220E+2	0.00000000E+0
9.230E+2	0.00000000E+0
9.240E+2	0.00000000E+0
9.250E+2	0.00000000E+0
9.260E+2	0.00000000E+0
9.270E+2	0.00000000E+0
9.280E+2	0.00000000E+0
9.290E+2	0.00000000E+0
9.300E+2	0.00000000E+0
9.310E+2	0.00000000E+0
9.320E+2	0.00000000E+0
9.330E+2	0.00000000E+0
9.340E+2	0.00000000E+0
9.350E+2	0.00000000E+0
9.360E+2	0.00000000E+0
9.370E+2	0.00000000E+0
9.380E+2	0.00000000E+0
9.390E+2	0.00000000E+0
9.400E+2	0.00000000E+0
9.410E+2	0.00000000E+0
9.420E+2	0.00000000E+0
9.430E+2	0.00000000E+0
9.440E+2	0.00000000E+0
9.450E+2	0.00000000E+0
9.460E+2	0.00000000E+0
9.470E+2	0.00000000E+0
9.480E+2	0.00000000E+0
9.490E+2	0.00000000E+0
9.500E+2	0.00000000E+0
9.510E+2	0.00000000E+0
9.520E+2	0.00000000E+0
9.530E+2	0.00000000E+0
9.540E+2	0.00000000E+0
9.550E+2	0.00000000E+0
9.560E+2	0.00000000E+0
9.570E+2	0.00000000E+0
9.580E+2	0.00000000E+0
9.590E+2	0.00000000E+0
9.600E+2	0.00000000E+0
9.610E+2	0.00000000E+0
9.620E+2	0.00000000E+0
9.630E+2	0.00000000E+0
9.640E+2	0.00000000E+0
9.650E+2	0.00000000E+0
9.660E+2	0.00000000E+0
9.670E+2	0.00000000E+0
9.680E+2	0.00000000E+0
9.690E+2	0.00000000E+0
9.700E+2	0.00000000E+0
9.710E+2	0.00000000E+0
9.720E+2	0.00000000E+0
9.730E+2	0.00000000E+0
9.740E+2	0.00000000E+0
9.750E+2	0.00000000E+0
9.760E+2	0.00000000E+0
9.770E+2	0.00000000E+0
9.780E+2	0.00000000E+0
9.790E+2	0.00000000E+0
9.800E+2	0.00000000E+0
9.810E+2	0.00000000E+0
9.820E+2	0.00000000E+0
9.830E+2	0.00000000E+0
9.840E+2	0.00000000E+0
9.850E+2	0.00000000E+0
9.860E+2	0.00000000E+0
9.870E+2	0.00000000E+0
9.880E+2	0.00000000E+0
9.890E+2	0.00000000E+0
9.900E+2	0.00000000E+0
9.910E+2	0.00000000E+0
9.920E+2	0.00000000E+0
9.930E+2	0.00000000E+0
9.940E+2	0.00000000E+0
9.950E+2	0.00000000E+0
9.960E+2	0.00000000E+0
9.970E+2	0.00000000E+0
9.980E+2	0.00000000E+0
9.990E+2	0.00000000E+0
1.000E+3	0.00000000E+0
1.001E+3	0.00000000E+0
1.002E+3	0.00000000E+0
1.003E+3	0.00000000E+0
1.004E+3	0.00000000E+0
1.005E+3	0.00000000E+0
1.006E+3	0.00000000E+0
1.007E+3	0.00000000E+0
1.008E+3	0.00000000E+0
1.009E+3	0.00000000E+0
1.010E+3	0.00000000E+0
1.011E+3	0.00000000E+0
1.012E+3	0.00000000E+0
1.013E+3	0.00000000E+0
1.014E+3	0.00000000E+0
1.015E+3	0.00000000E+0
1.016E+3	0.00000000E+0
1.017E+3	0.00000000E+0
1.018E+3	0.00000000E+0
1.019E+3	0.00000000E+0
