WAVELENGTH (nm)	SPECTRAL IRRADIANCE (W.m-2.nm-1)
3.410E+2	0.00000000E+0
3.420E+2	0.00000000E+0
3.430E+2	0.00000000E+0
3.440E+2	0.00000000E+0
3.450E+2	0.00000000E+0
3.460E+2	0.00000000E+0
3.470E+2	0.00000000E+0
3.480E+2	0.00000000E+0
3.490E+2	4.00068023E-7
3.500E+2	0.00000000E+0
3.510E+2	6.55277107E-6
3.520E+2	1.38018454E-6
3.530E+2	9.13343821E-6
3.540E+2	1.04112940E-5
3.550E+2	0.00000000E+0
3.560E+2	4.12852151E-6
3.570E+2	4.26237886E-6
3.580E+2	4.11097467E-7
3.590E+2	2.46201705E-6
3.600E+2	2.04930416E-6
3.610E+2	1.41071048E-6
3.620E+2	0.00000000E+0
3.630E+2	0.00000000E+0
3.640E+2	4.68142061E-6
3.650E+2	5.16651476E-6
3.660E+2	0.00000000E+0
3.670E+2	0.00000000E+0
3.680E+2	0.00000000E+0
3.690E+2	0.00000000E+0
3.700E+2	3.23409529E-6
3.710E+2	0.00000000E+0
3.720E+2	5.66846589E-7
3.730E+2	3.99616818E-6
3.740E+2	1.01470887E-6
3.750E+2	0.00000000E+0
3.760E+2	0.00000000E+0
3.770E+2	1.04222678E-6
3.780E+2	3.45923478E-6
3.790E+2	0.00000000E+0
3.800E+2	0.00000000E+0
3.810E+2	2.98591565E-6
3.820E+2	0.00000000E+0
3.830E+2	4.38293146E-6
3.840E+2	1.15057157E-6
3.850E+2	7.11232040E-7
3.860E+2	0.00000000E+0
3.870E+2	2.00195982E-6
3.880E+2	3.33659970E-7
3.890E+2	0.00000000E+0
3.900E+2	1.94544356E-6
3.910E+2	3.12668033E-7
3.920E+2	4.72762087E-7
3.930E+2	1.63937648E-6
3.940E+2	5.40519897E-7
3.950E+2	1.25613672E-5
3.960E+2	6.23784488E-6
3.970E+2	8.00136045E-7
3.980E+2	7.68718841E-6
3.990E+2	8.68123314E-6
4.000E+2	8.06987670E-6
4.010E+2	9.53918807E-6
4.020E+2	2.14858587E-5
4.030E+2	1.86662203E-5
4.040E+2	2.86774463E-5
4.050E+2	2.42520125E-5
4.060E+2	3.49708969E-5
4.070E+2	3.74760076E-5
4.080E+2	4.63595308E-5
4.090E+2	5.37073217E-5
4.100E+2	5.82448367E-5
4.110E+2	6.57134288E-5
4.120E+2	7.26896636E-5
4.130E+2	8.74917906E-5
4.140E+2	9.60584936E-5
4.150E+2	1.01926989E-4
4.160E+2	1.16107827E-4
4.170E+2	1.23452402E-4
4.180E+2	1.29258068E-4
4.190E+2	1.43227823E-4
4.200E+2	1.47632398E-4
4.210E+2	1.50869839E-4
4.220E+2	1.61043171E-4
4.230E+2	1.44418540E-4
4.240E+2	1.55994610E-4
4.250E+2	1.50634577E-4
4.260E+2	1.25833888E-4
4.270E+2	1.11268543E-4
4.280E+2	1.05065984E-4
4.290E+2	1.14941637E-4
4.300E+2	1.11591328E-4
4.310E+2	1.05611711E-4
4.320E+2	8.99797872E-5
4.330E+2	9.72744920E-5
4.340E+2	8.80693409E-5
4.350E+2	7.59356989E-5
4.360E+2	8.59107322E-5
4.370E+2	8.93085294E-5
4.380E+2	7.63946549E-5
4.390E+2	7.76733570E-5
4.400E+2	6.41963231E-5
4.410E+2	6.27854584E-5
4.420E+2	6.57128503E-5
4.430E+2	5.53161722E-5
4.440E+2	4.63721414E-5
4.450E+2	4.53661866E-5
4.460E+2	4.77492407E-5
4.470E+2	4.00323705E-5
4.480E+2	3.53325461E-5
4.490E+2	2.55915693E-5
4.500E+2	3.30605084E-5
4.510E+2	2.81095799E-5
4.520E+2	2.17455134E-5
4.530E+2	2.72791321E-5
4.540E+2	1.76014890E-5
4.550E+2	2.19682234E-5
4.560E+2	2.43252464E-5
4.570E+2	2.06787039E-5
4.580E+2	2.53185906E-5
4.590E+2	2.43265191E-5
4.600E+2	1.99086482E-5
4.610E+2	2.09762675E-5
4.620E+2	2.13482220E-5
4.630E+2	1.33345402E-5
4.640E+2	1.68073690E-5
4.650E+2	1.72544086E-5
4.660E+2	2.29984737E-5
4.670E+2	1.48723957E-5
4.680E+2	3.13226190E-5
4.690E+2	2.77132140E-5
4.700E+2	3.41640506E-5
4.710E+2	4.19600968E-5
4.720E+2	3.69557341E-5
4.730E+2	4.71032662E-5
4.740E+2	5.49078321E-5
4.750E+2	6.40258081E-5
4.760E+2	7.57747115E-5
4.770E+2	7.20737282E-5
4.780E+2	8.89384303E-5
4.790E+2	1.15599065E-4
4.800E+2	1.41466506E-4
4.810E+2	1.60496982E-4
4.820E+2	2.06871611E-4
4.830E+2	2.36932072E-4
4.840E+2	2.71558029E-4
4.850E+2	3.42100098E-4
4.860E+2	3.89889311E-4
4.870E+2	4.79289185E-4
4.880E+2	4.75497269E-4
4.890E+2	5.65264185E-4
4.900E+2	7.31607158E-4
4.910E+2	9.08815336E-4
4.920E+2	1.08205998E-3
4.930E+2	1.24053959E-3
4.940E+2	1.43907615E-3
4.950E+2	1.67304591E-3
4.960E+2	1.87315863E-3
4.970E+2	2.12073884E-3
4.980E+2	2.47789071E-3
4.990E+2	2.75092277E-3
5.000E+2	3.14315927E-3
5.010E+2	3.47138456E-3
5.020E+2	4.06279166E-3
5.030E+2	4.25990290E-3
5.040E+2	4.70330311E-3
5.050E+2	5.16848955E-3
5.060E+2	5.70238055E-3
5.070E+2	6.11330120E-3
5.080E+2	6.53310514E-3
5.090E+2	7.00888494E-3
5.100E+2	7.26825188E-3
5.110E+2	7.56605104E-3
5.120E+2	7.75826378E-3
5.130E+2	7.98819996E-3
5.140E+2	8.17619267E-3
5.150E+2	8.31191220E-3
5.160E+2	8.48885491E-3
5.170E+2	8.59165192E-3
5.180E+2	8.77005599E-3
5.190E+2	8.87878423E-3
5.200E+2	8.89506772E-3
5.210E+2	9.02370189E-3
5.220E+2	9.07336447E-3
5.230E+2	9.11006235E-3
5.240E+2	9.15354373E-3
5.250E+2	9.21337231E-3
5.260E+2	9.18120696E-3
5.270E+2	9.21553983E-3
5.280E+2	9.21048189E-3
5.290E+2	9.22708802E-3
5.300E+2	9.25161568E-3
5.310E+2	9.17402925E-3
5.320E+2	9.21963111E-3
5.330E+2	9.31166415E-3
5.340E+2	9.15563425E-3
5.350E+2	9.18040682E-3
5.360E+2	9.23581005E-3
5.370E+2	9.24951259E-3
5.380E+2	9.17498779E-3
5.390E+2	9.10920602E-3
5.400E+2	9.19527058E-3
5.410E+2	9.14781493E-3
5.420E+2	9.14954425E-3
5.430E+2	9.10270771E-3
5.440E+2	9.15070535E-3
5.450E+2	9.04290416E-3
5.460E+2	9.12612643E-3
5.470E+2	9.10528830E-3
5.480E+2	9.16274258E-3
5.490E+2	9.07229555E-3
5.500E+2	9.04980699E-3
5.510E+2	9.08916015E-3
5.520E+2	9.13167414E-3
5.530E+2	9.03013146E-3
5.540E+2	9.07916025E-3
5.550E+2	9.17358148E-3
5.560E+2	9.06167764E-3
5.570E+2	9.09553440E-3
5.580E+2	9.10324922E-3
5.590E+2	9.09598549E-3
5.600E+2	9.15083481E-3
5.610E+2	9.08054733E-3
5.620E+2	8.98520377E-3
5.630E+2	8.98142424E-3
5.640E+2	8.97557873E-3
5.650E+2	8.95128061E-3
5.660E+2	8.91918274E-3
5.670E+2	8.87390677E-3
5.680E+2	8.77107346E-3
5.690E+2	8.79201519E-3
5.700E+2	8.71472128E-3
5.710E+2	8.72281882E-3
5.720E+2	8.69475546E-3
5.730E+2	8.61163805E-3
5.740E+2	8.45195581E-3
5.750E+2	8.39893106E-3
5.760E+2	8.40781651E-3
5.770E+2	8.27639744E-3
5.780E+2	8.16998419E-3
5.790E+2	8.07416375E-3
5.800E+2	8.10772922E-3
5.810E+2	8.02388408E-3
5.820E+2	7.90028282E-3
5.830E+2	7.82703487E-3
5.840E+2	7.74639398E-3
5.850E+2	7.69864708E-3
5.860E+2	7.50512980E-3
5.870E+2	7.51618665E-3
5.880E+2	7.38409129E-3
5.890E+2	7.53883147E-3
5.900E+2	7.37300832E-3
5.910E+2	7.16664512E-3
5.920E+2	6.91046363E-3
5.930E+2	7.02965031E-3
5.940E+2	6.98772501E-3
5.950E+2	6.75078141E-3
5.960E+2	6.80188057E-3
5.970E+2	6.57715463E-3
5.980E+2	6.65777524E-3
5.990E+2	6.39873789E-3
6.000E+2	6.25193719E-3
6.010E+2	6.28674680E-3
6.020E+2	6.09902479E-3
6.030E+2	6.00087545E-3
6.040E+2	5.87641946E-3
6.050E+2	5.73169736E-3
6.060E+2	5.60468685E-3
6.070E+2	5.37354448E-3
6.080E+2	5.32087205E-3
6.090E+2	5.15971201E-3
6.100E+2	5.09143580E-3
6.110E+2	4.88480699E-3
6.120E+2	4.78588767E-3
6.130E+2	4.49306777E-3
6.140E+2	4.41757367E-3
6.150E+2	4.42015493E-3
6.160E+2	4.11456613E-3
6.170E+2	4.11277830E-3
6.180E+2	3.96399680E-3
6.190E+2	3.82002645E-3
6.200E+2	3.66100292E-3
6.210E+2	3.53568707E-3
6.220E+2	3.38788550E-3
6.230E+2	3.41214539E-3
6.240E+2	3.19481783E-3
6.250E+2	3.15463211E-3
6.260E+2	3.02556587E-3
6.270E+2	2.87709276E-3
6.280E+2	2.81599409E-3
6.290E+2	2.66218498E-3
6.300E+2	2.57589963E-3
6.310E+2	2.50995707E-3
6.320E+2	2.47446709E-3
6.330E+2	2.37539113E-3
6.340E+2	2.31865577E-3
6.350E+2	2.19910530E-3
6.360E+2	2.12736240E-3
6.370E+2	2.09237832E-3
6.380E+2	2.07010693E-3
6.390E+2	2.01133371E-3
6.400E+2	1.97649304E-3
6.410E+2	1.80560468E-3
6.420E+2	1.82971662E-3
6.430E+2	1.73328380E-3
6.440E+2	1.73837822E-3
6.450E+2	1.61390900E-3
6.460E+2	1.57668292E-3
6.470E+2	1.58026869E-3
6.480E+2	1.49853850E-3
6.490E+2	1.42383871E-3
6.500E+2	1.40852984E-3
6.510E+2	1.32334719E-3
6.520E+2	1.35987671E-3
6.530E+2	1.30019086E-3
6.540E+2	1.26637359E-3
6.550E+2	1.19468433E-3
6.560E+2	1.18799071E-3
6.570E+2	1.12678482E-3
6.580E+2	1.11476924E-3
6.590E+2	1.06404558E-3
6.600E+2	1.02144036E-3
6.610E+2	1.00785015E-3
6.620E+2	9.51230345E-4
6.630E+2	9.27152673E-4
6.640E+2	8.99646699E-4
6.650E+2	8.73831871E-4
6.660E+2	8.19542729E-4
6.670E+2	8.30188524E-4
6.680E+2	7.86038781E-4
6.690E+2	7.64160985E-4
6.700E+2	7.45031939E-4
6.710E+2	7.08203252E-4
6.720E+2	6.85413434E-4
6.730E+2	6.40359443E-4
6.740E+2	6.24533387E-4
6.750E+2	6.07535335E-4
6.760E+2	5.70314688E-4
6.770E+2	5.39741264E-4
6.780E+2	5.37945601E-4
6.790E+2	5.24916972E-4
6.800E+2	4.50222023E-4
6.810E+2	4.43112151E-4
6.820E+2	4.50446644E-4
6.830E+2	4.07630211E-4
6.840E+2	3.94713271E-4
6.850E+2	3.78865725E-4
6.860E+2	3.74406517E-4
6.870E+2	3.68782154E-4
6.880E+2	3.45137402E-4
6.890E+2	3.17957821E-4
6.900E+2	3.18434725E-4
6.910E+2	3.24689139E-4
6.920E+2	2.96990542E-4
6.930E+2	2.95265633E-4
6.940E+2	2.89052547E-4
6.950E+2	2.74832215E-4
6.960E+2	2.67244916E-4
6.970E+2	2.48971328E-4
6.980E+2	2.62897789E-4
6.990E+2	2.46922991E-4
7.000E+2	2.24737460E-4
7.010E+2	2.24919642E-4
7.020E+2	2.21379199E-4
7.030E+2	2.29077295E-4
7.040E+2	2.05236810E-4
7.050E+2	1.89005410E-4
7.060E+2	1.96281297E-4
7.070E+2	1.78988589E-4
7.080E+2	1.76492709E-4
7.090E+2	1.83008697E-4
7.100E+2	1.78091150E-4
7.110E+2	1.56177751E-4
7.120E+2	1.54698941E-4
7.130E+2	1.49229231E-4
7.140E+2	1.47117017E-4
7.150E+2	1.39302223E-4
7.160E+2	1.26663576E-4
7.170E+2	1.26776050E-4
7.180E+2	1.31726745E-4
7.190E+2	1.27126617E-4
7.200E+2	1.07353591E-4
7.210E+2	1.11883548E-4
7.220E+2	1.15930716E-4
7.230E+2	1.01400700E-4
7.240E+2	1.00476140E-4
7.250E+2	9.86152636E-5
7.260E+2	9.60483675E-5
7.270E+2	1.00480046E-4
7.280E+2	8.73832787E-5
7.290E+2	8.55857844E-5
7.300E+2	9.44796322E-5
7.310E+2	8.81098487E-5
7.320E+2	8.38744768E-5
7.330E+2	7.95541279E-5
7.340E+2	7.24287196E-5
7.350E+2	7.30002453E-5
7.360E+2	6.80584618E-5
7.370E+2	6.78984209E-5
7.380E+2	6.38950745E-5
7.390E+2	6.79267237E-5
7.400E+2	6.62992426E-5
7.410E+2	5.48920399E-5
7.420E+2	5.19020579E-5
7.430E+2	4.81923362E-5
7.440E+2	5.42622678E-5
7.450E+2	5.42618576E-5
7.460E+2	5.15200380E-5
7.470E+2	4.62714354E-5
7.480E+2	3.65647953E-5
7.490E+2	4.33391529E-5
7.500E+2	4.34716234E-5
7.510E+2	3.32953399E-5
7.520E+2	3.58903129E-5
7.530E+2	4.27227118E-5
7.540E+2	3.55093869E-5
7.550E+2	4.01283540E-5
7.560E+2	3.18000754E-5
7.570E+2	3.94972146E-5
7.580E+2	2.92045555E-5
7.590E+2	2.39559529E-5
7.600E+2	3.20344283E-5
7.610E+2	2.61844931E-5
7.620E+2	2.22401451E-5
7.630E+2	2.34862900E-5
7.640E+2	2.17272759E-5
7.650E+2	2.36332733E-5
7.660E+2	1.64994756E-5
7.670E+2	1.48563749E-5
7.680E+2	1.55110447E-5
7.690E+2	2.36920666E-5
7.700E+2	2.34861532E-5
7.710E+2	1.80196052E-5
7.720E+2	2.34283170E-5
7.730E+2	1.37797866E-5
7.740E+2	1.72209732E-5
7.750E+2	1.64787417E-5
7.760E+2	1.14636033E-5
7.770E+2	1.33353143E-5
7.780E+2	1.70058990E-5
7.790E+2	1.33406141E-5
7.800E+2	1.62145136E-5
7.810E+2	4.17965803E-6
7.820E+2	1.44250090E-5
7.830E+2	1.57015761E-5
7.840E+2	1.10926845E-5
7.850E+2	1.13756867E-5
7.860E+2	1.56864675E-5
7.870E+2	1.13075438E-5
7.880E+2	6.71714640E-6
7.890E+2	9.92478094E-6
7.900E+2	6.31578922E-6
7.910E+2	5.28661316E-6
7.920E+2	2.81401230E-6
7.930E+2	1.39601251E-6
7.940E+2	5.39339823E-6
7.950E+2	1.11537762E-5
7.960E+2	9.27941521E-6
7.970E+2	1.18763480E-5
7.980E+2	2.10776977E-6
7.990E+2	1.38732504E-5
8.000E+2	4.02617686E-6
8.010E+2	4.05761794E-6
8.020E+2	1.05086253E-5
8.030E+2	0.00000000E+0
8.040E+2	2.07647193E-6
8.050E+2	6.11546873E-6
8.060E+2	5.39432929E-6
8.070E+2	4.79501507E-6
8.080E+2	5.33588756E-6
8.090E+2	4.80976874E-6
8.100E+2	1.52356732E-6
8.110E+2	2.55224204E-6
8.120E+2	2.42361294E-6
8.130E+2	1.97454625E-6
8.140E+2	1.52335246E-6
8.150E+2	6.47800799E-7
8.160E+2	3.90757453E-6
8.170E+2	6.58901863E-7
8.180E+2	1.69051300E-6
8.190E+2	6.66887468E-6
8.200E+2	1.00173137E-5
8.210E+2	1.62659236E-6
8.220E+2	3.09827115E-7
8.230E+2	4.74817574E-6
8.240E+2	5.72578557E-6
8.250E+2	1.86497875E-7
8.260E+2	1.66043270E-6
8.270E+2	5.34784806E-6
8.280E+2	2.53576950E-6
8.290E+2	2.80288258E-6
8.300E+2	3.03886256E-6
8.310E+2	8.23627329E-7
8.320E+2	3.15264130E-6
8.330E+2	2.82228438E-6
8.340E+2	6.03862072E-6
8.350E+2	0.00000000E+0
8.360E+2	0.00000000E+0
8.370E+2	0.00000000E+0
8.380E+2	0.00000000E+0
8.390E+2	0.00000000E+0
8.400E+2	0.00000000E+0
8.410E+2	0.00000000E+0
8.420E+2	0.00000000E+0
8.430E+2	0.00000000E+0
8.440E+2	0.00000000E+0
8.450E+2	0.00000000E+0
8.460E+2	0.00000000E+0
8.470E+2	0.00000000E+0
8.480E+2	0.00000000E+0
8.490E+2	0.00000000E+0
8.500E+2	0.00000000E+0
8.510E+2	0.00000000E+0
8.520E+2	0.00000000E+0
8.530E+2	0.00000000E+0
8.540E+2	0.00000000E+0
8.550E+2	0.00000000E+0
8.560E+2	0.00000000E+0
8.570E+2	0.00000000E+0
8.580E+2	0.00000000E+0
8.590E+2	0.00000000E+0
8.600E+2	0.00000000E+0
8.610E+2	0.00000000E+0
8.620E+2	0.00000000E+0
8.630E+2	0.00000000E+0
8.640E+2	0.00000000E+0
8.650E+2	0.00000000E+0
8.660E+2	0.00000000E+0
8.670E+2	0.00000000E+0
8.680E+2	0.00000000E+0
8.690E+2	0.00000000E+0
8.700E+2	0.00000000E+0
8.710E+2	0.00000000E+0
8.720E+2	0.00000000E+0
8.730E+2	0.00000000E+0
8.740E+2	0.00000000E+0
8.750E+2	0.00000000E+0
8.760E+2	0.00000000E+0
8.770E+2	0.00000000E+0
8.780E+2	0.00000000E+0
8.790E+2	0.00000000E+0
8.800E+2	0.00000000E+0
8.810E+2	0.00000000E+0
8.820E+2	0.00000000E+0
8.830E+2	0.00000000E+0
8.840E+2	0.00000000E+0
8.850E+2	0.00000000E+0
8.860E+2	0.00000000E+0
8.870E+2	0.00000000E+0
8.880E+2	0.00000000E+0
8.890E+2	0.00000000E+0
8.900E+2	0.00000000E+0
8.910E+2	0.00000000E+0
8.920E+2	0.00000000E+0
8.930E+2	0.00000000E+0
8.940E+2	0.00000000E+0
8.950E+2	0.00000000E+0
8.960E+2	0.00000000E+0
8.970E+2	0.00000000E+0
8.980E+2	0.00000000E+0
8.990E+2	0.00000000E+0
9.000E+2	0.00000000E+0
9.010E+2	0.00000000E+0
9.020E+2	0.00000000E+0
9.030E+2	0.00000000E+0
9.040E+2	0.00000000E+0
9.050E+2	0.00000000E+0
9.060E+2	0.00000000E+0
9.070E+2	0.00000000E+0
9.080E+2	0.00000000E+0
9.090E+2	0.00000000E+0
9.100E+2	0.00000000E+0
9.110E+2	0.00000000E+0
9.120E+2	0.00000000E+0
9.130E+2	0.00000000E+0
9.140E+2	0.00000000E+0
9.150E+2	0.00000000E+0
9.160E+2	0.00000000E+0
9.170E+2	0.00000000E+0
9.180E+2	0.00000000E+0
9.190E+2	0.00000000E+0
9.200E+2	0.00000000E+0
9.210E+2	0.00000000E+0
9.220E+2	0.00000000E+0
9.230E+2	0.00000000E+0
9.240E+2	0.00000000E+0
9.250E+2	0.00000000E+0
9.260E+2	0.00000000E+0
9.270E+2	0.00000000E+0
9.280E+2	0.00000000E+0
9.290E+2	0.00000000E+0
9.300E+2	0.00000000E+0
9.310E+2	0.00000000E+0
9.320E+2	0.00000000E+0
9.330E+2	0.00000000E+0
9.340E+2	0.00000000E+0
9.350E+2	0.00000000E+0
9.360E+2	0.00000000E+0
9.370E+2	0.00000000E+0
9.380E+2	0.00000000E+0
9.390E+2	0.00000000E+0
9.400E+2	0.00000000E+0
9.410E+2	0.00000000E+0
9.420E+2	0.00000000E+0
9.430E+2	0.00000000E+0
9.440E+2	0.00000000E+0
9.450E+2	0.00000000E+0
9.460E+2	0.00000000E+0
9.470E+2	0.00000000E+0
9.480E+2	0.00000000E+0
9.490E+2	0.00000000E+0
9.500E+2	0.00000000E+0
9.510E+2	0.00000000E+0
9.520E+2	0.00000000E+0
9.530E+2	0.00000000E+0
9.540E+2	0.00000000E+0
9.550E+2	0.00000000E+0
9.560E+2	0.00000000E+0
9.570E+2	0.00000000E+0
9.580E+2	0.00000000E+0
9.590E+2	0.00000000E+0
9.600E+2	0.00000000E+0
9.610E+2	0.00000000E+0
9.620E+2	0.00000000E+0
9.630E+2	0.00000000E+0
9.640E+2	0.00000000E+0
9.650E+2	0.00000000E+0
9.660E+2	0.00000000E+0
9.670E+2	0.00000000E+0
9.680E+2	0.00000000E+0
9.690E+2	0.00000000E+0
9.700E+2	0.00000000E+0
9.710E+2	0.00000000E+0
9.720E+2	0.00000000E+0
9.730E+2	0.00000000E+0
9.740E+2	0.00000000E+0
9.750E+2	0.00000000E+0
9.760E+2	0.00000000E+0
9.770E+2	0.00000000E+0
9.780E+2	0.00000000E+0
9.790E+2	0.00000000E+0
9.800E+2	0.00000000E+0
9.810E+2	0.00000000E+0
9.820E+2	0.00000000E+0
9.830E+2	0.00000000E+0
9.840E+2	0.00000000E+0
9.850E+2	0.00000000E+0
9.860E+2	0.00000000E+0
9.870E+2	0.00000000E+0
9.880E+2	0.00000000E+0
9.890E+2	0.00000000E+0
9.900E+2	0.00000000E+0
9.910E+2	0.00000000E+0
9.920E+2	0.00000000E+0
9.930E+2	0.00000000E+0
9.940E+2	0.00000000E+0
9.950E+2	0.00000000E+0
9.960E+2	0.00000000E+0
9.970E+2	0.00000000E+0
9.980E+2	0.00000000E+0
9.990E+2	0.00000000E+0
1.000E+3	0.00000000E+0
1.001E+3	0.00000000E+0
1.002E+3	0.00000000E+0
1.003E+3	0.00000000E+0
1.004E+3	0.00000000E+0
1.005E+3	0.00000000E+0
1.006E+3	0.00000000E+0
1.007E+3	0.00000000E+0
1.008E+3	0.00000000E+0
1.009E+3	0.00000000E+0
1.010E+3	0.00000000E+0
1.011E+3	0.00000000E+0
1.012E+3	0.00000000E+0
1.013E+3	0.00000000E+0
1.014E+3	0.00000000E+0
1.015E+3	0.00000000E+0
1.016E+3	0.00000000E+0
1.017E+3	0.00000000E+0
1.018E+3	0.00000000E+0
1.019E+3	0.00000000E+0
