WAVELENGTH (nm)	SPECTRAL IRRADIANCE (W.m-2.nm-1)
3.410E+2	0.00000000E+0
3.420E+2	0.00000000E+0
3.430E+2	0.00000000E+0
3.440E+2	0.00000000E+0
3.450E+2	0.00000000E+0
3.460E+2	0.00000000E+0
3.470E+2	0.00000000E+0
3.480E+2	0.00000000E+0
3.490E+2	0.00000000E+0
3.500E+2	0.00000000E+0
3.510E+2	0.00000000E+0
3.520E+2	0.00000000E+0
3.530E+2	0.00000000E+0
3.540E+2	0.00000000E+0
3.550E+2	0.00000000E+0
3.560E+2	0.00000000E+0
3.570E+2	0.00000000E+0
3.580E+2	0.00000000E+0
3.590E+2	0.00000000E+0
3.600E+2	0.00000000E+0
3.610E+2	0.00000000E+0
3.620E+2	0.00000000E+0
3.630E+2	0.00000000E+0
3.640E+2	0.00000000E+0
3.650E+2	0.00000000E+0
3.660E+2	0.00000000E+0
3.670E+2	0.00000000E+0
3.680E+2	0.00000000E+0
3.690E+2	0.00000000E+0
3.700E+2	0.00000000E+0
3.710E+2	0.00000000E+0
3.720E+2	0.00000000E+0
3.730E+2	0.00000000E+0
3.740E+2	0.00000000E+0
3.750E+2	0.00000000E+0
3.760E+2	0.00000000E+0
3.770E+2	0.00000000E+0
3.780E+2	0.00000000E+0
3.790E+2	0.00000000E+0
3.800E+2	0.00000000E+0
3.810E+2	0.00000000E+0
3.820E+2	0.00000000E+0
3.830E+2	0.00000000E+0
3.840E+2	0.00000000E+0
3.850E+2	0.00000000E+0
3.860E+2	0.00000000E+0
3.870E+2	0.00000000E+0
3.880E+2	0.00000000E+0
3.890E+2	0.00000000E+0
3.900E+2	0.00000000E+0
3.910E+2	0.00000000E+0
3.920E+2	0.00000000E+0
3.930E+2	0.00000000E+0
3.940E+2	0.00000000E+0
3.950E+2	0.00000000E+0
3.960E+2	0.00000000E+0
3.970E+2	0.00000000E+0
3.980E+2	0.00000000E+0
3.990E+2	0.00000000E+0
4.000E+2	0.00000000E+0
4.010E+2	0.00000000E+0
4.020E+2	0.00000000E+0
4.030E+2	0.00000000E+0
4.040E+2	0.00000000E+0
4.050E+2	0.00000000E+0
4.060E+2	0.00000000E+0
4.070E+2	0.00000000E+0
4.080E+2	0.00000000E+0
4.090E+2	0.00000000E+0
4.100E+2	0.00000000E+0
4.110E+2	0.00000000E+0
4.120E+2	0.00000000E+0
4.130E+2	0.00000000E+0
4.140E+2	0.00000000E+0
4.150E+2	0.00000000E+0
4.160E+2	0.00000000E+0
4.170E+2	0.00000000E+0
4.180E+2	0.00000000E+0
4.190E+2	0.00000000E+0
4.200E+2	0.00000000E+0
4.210E+2	0.00000000E+0
4.220E+2	0.00000000E+0
4.230E+2	0.00000000E+0
4.240E+2	0.00000000E+0
4.250E+2	0.00000000E+0
4.260E+2	1.04669088E-5
4.270E+2	1.14115298E-6
4.280E+2	1.77195700E-5
4.290E+2	0.00000000E+0
4.300E+2	0.00000000E+0
4.310E+2	0.00000000E+0
4.320E+2	0.00000000E+0
4.330E+2	4.29253148E-6
4.340E+2	0.00000000E+0
4.350E+2	0.00000000E+0
4.360E+2	0.00000000E+0
4.370E+2	9.87880015E-6
4.380E+2	6.30381362E-6
4.390E+2	6.15905625E-6
4.400E+2	2.75993876E-6
4.410E+2	0.00000000E+0
4.420E+2	6.37143750E-6
4.430E+2	0.00000000E+0
4.440E+2	0.00000000E+0
4.450E+2	3.55593308E-6
4.460E+2	0.00000000E+0
4.470E+2	0.00000000E+0
4.480E+2	9.55676490E-7
4.490E+2	0.00000000E+0
4.500E+2	2.99816814E-8
4.510E+2	5.99897784E-7
4.520E+2	0.00000000E+0
4.530E+2	1.21300336E-6
4.540E+2	3.66859552E-6
4.550E+2	1.16756856E-6
4.560E+2	3.43402518E-7
4.570E+2	0.00000000E+0
4.580E+2	3.40919454E-6
4.590E+2	0.00000000E+0
4.600E+2	2.59348148E-6
4.610E+2	3.09062267E-8
4.620E+2	2.76412612E-6
4.630E+2	5.83784281E-8
4.640E+2	2.64591640E-6
4.650E+2	1.49998220E-5
4.660E+2	3.42345895E-6
4.670E+2	1.35076060E-5
4.680E+2	5.76519997E-6
4.690E+2	2.55768837E-6
4.700E+2	2.16607742E-6
4.710E+2	2.34634578E-5
4.720E+2	1.36304384E-5
4.730E+2	2.31006874E-5
4.740E+2	2.47163963E-5
4.750E+2	5.23337513E-5
4.760E+2	4.76316463E-5
4.770E+2	7.05694923E-5
4.780E+2	6.85362746E-5
4.790E+2	1.07627897E-4
4.800E+2	1.21903932E-4
4.810E+2	1.34933812E-4
4.820E+2	1.64620299E-4
4.830E+2	1.81900578E-4
4.840E+2	2.00878058E-4
4.850E+2	2.74979567E-4
4.860E+2	3.20643649E-4
4.870E+2	3.32085688E-4
4.880E+2	3.46369654E-4
4.890E+2	4.14631069E-4
4.900E+2	5.51872282E-4
4.910E+2	6.44736855E-4
4.920E+2	7.68426532E-4
4.930E+2	8.44825277E-4
4.940E+2	9.88836533E-4
4.950E+2	1.14893788E-3
4.960E+2	1.27734008E-3
4.970E+2	1.51548299E-3
4.980E+2	1.75586185E-3
4.990E+2	1.99975718E-3
5.000E+2	2.36573305E-3
5.010E+2	2.69281515E-3
5.020E+2	3.14598391E-3
5.030E+2	3.56532936E-3
5.040E+2	4.15066662E-3
5.050E+2	4.84098228E-3
5.060E+2	5.71134231E-3
5.070E+2	6.70441247E-3
5.080E+2	7.60038054E-3
5.090E+2	8.70754777E-3
5.100E+2	9.87777295E-3
5.110E+2	1.10358158E-2
5.120E+2	1.27580911E-2
5.130E+2	1.42184577E-2
5.140E+2	1.58653982E-2
5.150E+2	1.69438491E-2
5.160E+2	1.79794311E-2
5.170E+2	1.87865431E-2
5.180E+2	1.94806230E-2
5.190E+2	1.99738524E-2
5.200E+2	2.01918524E-2
5.210E+2	2.06152121E-2
5.220E+2	2.05928339E-2
5.230E+2	2.07613050E-2
5.240E+2	2.07399781E-2
5.250E+2	2.04023987E-2
5.260E+2	2.01699039E-2
5.270E+2	1.97121631E-2
5.280E+2	1.93621257E-2
5.290E+2	1.87577042E-2
5.300E+2	1.81167821E-2
5.310E+2	1.75134616E-2
5.320E+2	1.70066566E-2
5.330E+2	1.60180840E-2
5.340E+2	1.50093595E-2
5.350E+2	1.39742682E-2
5.360E+2	1.29314297E-2
5.370E+2	1.19910507E-2
5.380E+2	1.21357554E-2
5.390E+2	1.09781143E-2
5.400E+2	1.06803965E-2
5.410E+2	9.95174441E-3
5.420E+2	9.55333375E-3
5.430E+2	8.97430560E-3
5.440E+2	8.64759862E-3
5.450E+2	7.95824554E-3
5.460E+2	7.62432161E-3
5.470E+2	7.21601190E-3
5.480E+2	6.61441959E-3
5.490E+2	6.23417539E-3
5.500E+2	5.56436323E-3
5.510E+2	5.20407355E-3
5.520E+2	4.93098338E-3
5.530E+2	4.42560476E-3
5.540E+2	4.08284303E-3
5.550E+2	3.76759568E-3
5.560E+2	3.55165758E-3
5.570E+2	3.26675478E-3
5.580E+2	3.03034220E-3
5.590E+2	2.81684721E-3
5.600E+2	2.60812743E-3
5.610E+2	2.43248058E-3
5.620E+2	2.28436795E-3
5.630E+2	2.13895539E-3
5.640E+2	1.91877421E-3
5.650E+2	1.90312946E-3
5.660E+2	1.75789480E-3
5.670E+2	1.63581507E-3
5.680E+2	1.53948036E-3
5.690E+2	1.38611679E-3
5.700E+2	1.31700804E-3
5.710E+2	1.23045037E-3
5.720E+2	1.10616160E-3
5.730E+2	1.00638023E-3
5.740E+2	9.01947402E-4
5.750E+2	8.74993337E-4
5.760E+2	7.58449654E-4
5.770E+2	7.09036630E-4
5.780E+2	6.50804228E-4
5.790E+2	6.07554318E-4
5.800E+2	5.46519614E-4
5.810E+2	5.09449083E-4
5.820E+2	4.58433571E-4
5.830E+2	4.17486117E-4
5.840E+2	3.94978280E-4
5.850E+2	3.45149006E-4
5.860E+2	3.38681283E-4
5.870E+2	3.09633688E-4
5.880E+2	3.09221605E-4
5.890E+2	2.61466128E-4
5.900E+2	2.45000115E-4
5.910E+2	2.37516412E-4
5.920E+2	2.13932329E-4
5.930E+2	2.05431972E-4
5.940E+2	1.90647875E-4
5.950E+2	2.07487808E-4
5.960E+2	1.71031052E-4
5.970E+2	1.50023357E-4
5.980E+2	1.40804905E-4
5.990E+2	1.19206140E-4
6.000E+2	1.27454989E-4
6.010E+2	1.08735546E-4
6.020E+2	1.03004684E-4
6.030E+2	9.60336590E-5
6.040E+2	8.37575913E-5
6.050E+2	6.63279103E-5
6.060E+2	7.80200506E-5
6.070E+2	7.22192666E-5
6.080E+2	6.59893726E-5
6.090E+2	5.06158142E-5
6.100E+2	4.51841880E-5
6.110E+2	4.96331107E-5
6.120E+2	3.12221570E-5
6.130E+2	4.23290822E-5
6.140E+2	5.76137852E-5
6.150E+2	3.76042928E-5
6.160E+2	4.67186249E-5
6.170E+2	2.30599084E-5
6.180E+2	1.89478063E-5
6.190E+2	1.44063080E-5
6.200E+2	2.65587508E-5
6.210E+2	1.19186429E-5
6.220E+2	8.91329854E-6
6.230E+2	1.96822584E-5
6.240E+2	1.83634497E-5
6.250E+2	3.76360575E-5
6.260E+2	4.49313579E-6
6.270E+2	9.34226551E-6
6.280E+2	2.97615516E-6
6.290E+2	2.10334043E-5
6.300E+2	2.48394488E-6
6.310E+2	2.93833111E-7
6.320E+2	0.00000000E+0
6.330E+2	4.65429857E-6
6.340E+2	0.00000000E+0
6.350E+2	1.16155902E-5
6.360E+2	5.28224616E-6
6.370E+2	1.55114918E-5
6.380E+2	3.16216486E-7
6.390E+2	3.46149739E-6
6.400E+2	0.00000000E+0
6.410E+2	2.63972023E-7
6.420E+2	1.76855159E-5
6.430E+2	3.34817455E-6
6.440E+2	2.41812607E-8
6.450E+2	0.00000000E+0
6.460E+2	9.45327411E-6
6.470E+2	0.00000000E+0
6.480E+2	0.00000000E+0
6.490E+2	0.00000000E+0
6.500E+2	7.03030806E-6
6.510E+2	4.27822304E-8
6.520E+2	0.00000000E+0
6.530E+2	0.00000000E+0
6.540E+2	0.00000000E+0
6.550E+2	0.00000000E+0
6.560E+2	0.00000000E+0
6.570E+2	0.00000000E+0
6.580E+2	0.00000000E+0
6.590E+2	4.46423274E-8
6.600E+2	9.71978433E-7
6.610E+2	0.00000000E+0
6.620E+2	7.76232776E-7
6.630E+2	1.20187895E-5
6.640E+2	0.00000000E+0
6.650E+2	4.74492697E-7
6.660E+2	5.83827207E-6
6.670E+2	1.41510454E-5
6.680E+2	0.00000000E+0
6.690E+2	1.63637272E-5
6.700E+2	7.79523717E-7
6.710E+2	1.03535859E-5
6.720E+2	3.61199727E-6
6.730E+2	5.01496453E-6
6.740E+2	0.00000000E+0
6.750E+2	1.56054049E-6
6.760E+2	0.00000000E+0
6.770E+2	0.00000000E+0
6.780E+2	0.00000000E+0
6.790E+2	0.00000000E+0
6.800E+2	0.00000000E+0
6.810E+2	0.00000000E+0
6.820E+2	0.00000000E+0
6.830E+2	0.00000000E+0
6.840E+2	0.00000000E+0
6.850E+2	0.00000000E+0
6.860E+2	0.00000000E+0
6.870E+2	0.00000000E+0
6.880E+2	0.00000000E+0
6.890E+2	0.00000000E+0
6.900E+2	0.00000000E+0
6.910E+2	0.00000000E+0
6.920E+2	0.00000000E+0
6.930E+2	0.00000000E+0
6.940E+2	0.00000000E+0
6.950E+2	0.00000000E+0
6.960E+2	0.00000000E+0
6.970E+2	0.00000000E+0
6.980E+2	0.00000000E+0
6.990E+2	0.00000000E+0
7.000E+2	0.00000000E+0
7.010E+2	0.00000000E+0
7.020E+2	0.00000000E+0
7.030E+2	0.00000000E+0
7.040E+2	0.00000000E+0
7.050E+2	0.00000000E+0
7.060E+2	0.00000000E+0
7.070E+2	0.00000000E+0
7.080E+2	0.00000000E+0
7.090E+2	0.00000000E+0
7.100E+2	0.00000000E+0
7.110E+2	0.00000000E+0
7.120E+2	0.00000000E+0
7.130E+2	0.00000000E+0
7.140E+2	0.00000000E+0
7.150E+2	0.00000000E+0
7.160E+2	0.00000000E+0
7.170E+2	0.00000000E+0
7.180E+2	0.00000000E+0
7.190E+2	0.00000000E+0
7.200E+2	0.00000000E+0
7.210E+2	0.00000000E+0
7.220E+2	0.00000000E+0
7.230E+2	0.00000000E+0
7.240E+2	0.00000000E+0
7.250E+2	0.00000000E+0
7.260E+2	0.00000000E+0
7.270E+2	0.00000000E+0
7.280E+2	0.00000000E+0
7.290E+2	0.00000000E+0
7.300E+2	0.00000000E+0
7.310E+2	0.00000000E+0
7.320E+2	0.00000000E+0
7.330E+2	0.00000000E+0
7.340E+2	0.00000000E+0
7.350E+2	0.00000000E+0
7.360E+2	0.00000000E+0
7.370E+2	0.00000000E+0
7.380E+2	0.00000000E+0
7.390E+2	0.00000000E+0
7.400E+2	0.00000000E+0
7.410E+2	0.00000000E+0
7.420E+2	0.00000000E+0
7.430E+2	0.00000000E+0
7.440E+2	0.00000000E+0
7.450E+2	0.00000000E+0
7.460E+2	0.00000000E+0
7.470E+2	0.00000000E+0
7.480E+2	0.00000000E+0
7.490E+2	0.00000000E+0
7.500E+2	0.00000000E+0
7.510E+2	0.00000000E+0
7.520E+2	0.00000000E+0
7.530E+2	0.00000000E+0
7.540E+2	0.00000000E+0
7.550E+2	0.00000000E+0
7.560E+2	0.00000000E+0
7.570E+2	0.00000000E+0
7.580E+2	0.00000000E+0
7.590E+2	0.00000000E+0
7.600E+2	0.00000000E+0
7.610E+2	0.00000000E+0
7.620E+2	0.00000000E+0
7.630E+2	0.00000000E+0
7.640E+2	0.00000000E+0
7.650E+2	0.00000000E+0
7.660E+2	0.00000000E+0
7.670E+2	0.00000000E+0
7.680E+2	0.00000000E+0
7.690E+2	0.00000000E+0
7.700E+2	0.00000000E+0
7.710E+2	0.00000000E+0
7.720E+2	0.00000000E+0
7.730E+2	0.00000000E+0
7.740E+2	0.00000000E+0
7.750E+2	0.00000000E+0
7.760E+2	0.00000000E+0
7.770E+2	0.00000000E+0
7.780E+2	0.00000000E+0
7.790E+2	0.00000000E+0
7.800E+2	0.00000000E+0
7.810E+2	0.00000000E+0
7.820E+2	0.00000000E+0
7.830E+2	0.00000000E+0
7.840E+2	0.00000000E+0
7.850E+2	0.00000000E+0
7.860E+2	0.00000000E+0
7.870E+2	0.00000000E+0
7.880E+2	0.00000000E+0
7.890E+2	0.00000000E+0
7.900E+2	0.00000000E+0
7.910E+2	0.00000000E+0
7.920E+2	0.00000000E+0
7.930E+2	0.00000000E+0
7.940E+2	0.00000000E+0
7.950E+2	0.00000000E+0
7.960E+2	0.00000000E+0
7.970E+2	0.00000000E+0
7.980E+2	0.00000000E+0
7.990E+2	0.00000000E+0
8.000E+2	0.00000000E+0
8.010E+2	0.00000000E+0
8.020E+2	0.00000000E+0
8.030E+2	0.00000000E+0
8.040E+2	0.00000000E+0
8.050E+2	0.00000000E+0
8.060E+2	0.00000000E+0
8.070E+2	0.00000000E+0
8.080E+2	0.00000000E+0
8.090E+2	0.00000000E+0
8.100E+2	0.00000000E+0
8.110E+2	0.00000000E+0
8.120E+2	0.00000000E+0
8.130E+2	0.00000000E+0
8.140E+2	0.00000000E+0
8.150E+2	0.00000000E+0
8.160E+2	0.00000000E+0
8.170E+2	0.00000000E+0
8.180E+2	0.00000000E+0
8.190E+2	0.00000000E+0
8.200E+2	0.00000000E+0
8.210E+2	0.00000000E+0
8.220E+2	0.00000000E+0
8.230E+2	0.00000000E+0
8.240E+2	0.00000000E+0
8.250E+2	0.00000000E+0
8.260E+2	0.00000000E+0
8.270E+2	0.00000000E+0
8.280E+2	0.00000000E+0
8.290E+2	0.00000000E+0
8.300E+2	0.00000000E+0
8.310E+2	0.00000000E+0
8.320E+2	0.00000000E+0
8.330E+2	0.00000000E+0
8.340E+2	0.00000000E+0
8.350E+2	0.00000000E+0
8.360E+2	0.00000000E+0
8.370E+2	0.00000000E+0
8.380E+2	0.00000000E+0
8.390E+2	0.00000000E+0
8.400E+2	0.00000000E+0
8.410E+2	0.00000000E+0
8.420E+2	0.00000000E+0
8.430E+2	0.00000000E+0
8.440E+2	0.00000000E+0
8.450E+2	0.00000000E+0
8.460E+2	0.00000000E+0
8.470E+2	0.00000000E+0
8.480E+2	0.00000000E+0
8.490E+2	0.00000000E+0
8.500E+2	0.00000000E+0
8.510E+2	0.00000000E+0
8.520E+2	0.00000000E+0
8.530E+2	0.00000000E+0
8.540E+2	0.00000000E+0
8.550E+2	0.00000000E+0
8.560E+2	0.00000000E+0
8.570E+2	0.00000000E+0
8.580E+2	0.00000000E+0
8.590E+2	0.00000000E+0
8.600E+2	0.00000000E+0
8.610E+2	0.00000000E+0
8.620E+2	0.00000000E+0
8.630E+2	0.00000000E+0
8.640E+2	0.00000000E+0
8.650E+2	0.00000000E+0
8.660E+2	0.00000000E+0
8.670E+2	0.00000000E+0
8.680E+2	0.00000000E+0
8.690E+2	0.00000000E+0
8.700E+2	0.00000000E+0
8.710E+2	0.00000000E+0
8.720E+2	0.00000000E+0
8.730E+2	0.00000000E+0
8.740E+2	0.00000000E+0
8.750E+2	0.00000000E+0
8.760E+2	0.00000000E+0
8.770E+2	0.00000000E+0
8.780E+2	0.00000000E+0
8.790E+2	0.00000000E+0
8.800E+2	0.00000000E+0
8.810E+2	0.00000000E+0
8.820E+2	0.00000000E+0
8.830E+2	0.00000000E+0
8.840E+2	0.00000000E+0
8.850E+2	0.00000000E+0
8.860E+2	0.00000000E+0
8.870E+2	0.00000000E+0
8.880E+2	0.00000000E+0
8.890E+2	0.00000000E+0
8.900E+2	0.00000000E+0
8.910E+2	0.00000000E+0
8.920E+2	0.00000000E+0
8.930E+2	0.00000000E+0
8.940E+2	0.00000000E+0
8.950E+2	0.00000000E+0
8.960E+2	0.00000000E+0
8.970E+2	0.00000000E+0
8.980E+2	0.00000000E+0
8.990E+2	0.00000000E+0
9.000E+2	0.00000000E+0
9.010E+2	0.00000000E+0
9.020E+2	0.00000000E+0
9.030E+2	0.00000000E+0
9.040E+2	0.00000000E+0
9.050E+2	0.00000000E+0
9.060E+2	0.00000000E+0
9.070E+2	0.00000000E+0
9.080E+2	0.00000000E+0
9.090E+2	0.00000000E+0
9.100E+2	0.00000000E+0
9.110E+2	0.00000000E+0
9.120E+2	0.00000000E+0
9.130E+2	0.00000000E+0
9.140E+2	0.00000000E+0
9.150E+2	0.00000000E+0
9.160E+2	0.00000000E+0
9.170E+2	0.00000000E+0
9.180E+2	0.00000000E+0
9.190E+2	0.00000000E+0
9.200E+2	0.00000000E+0
9.210E+2	0.00000000E+0
9.220E+2	0.00000000E+0
9.230E+2	0.00000000E+0
9.240E+2	0.00000000E+0
9.250E+2	0.00000000E+0
9.260E+2	0.00000000E+0
9.270E+2	0.00000000E+0
9.280E+2	0.00000000E+0
9.290E+2	0.00000000E+0
9.300E+2	0.00000000E+0
9.310E+2	0.00000000E+0
9.320E+2	0.00000000E+0
9.330E+2	0.00000000E+0
9.340E+2	0.00000000E+0
9.350E+2	0.00000000E+0
9.360E+2	0.00000000E+0
9.370E+2	0.00000000E+0
9.380E+2	0.00000000E+0
9.390E+2	0.00000000E+0
9.400E+2	0.00000000E+0
9.410E+2	0.00000000E+0
9.420E+2	0.00000000E+0
9.430E+2	0.00000000E+0
9.440E+2	0.00000000E+0
9.450E+2	0.00000000E+0
9.460E+2	0.00000000E+0
9.470E+2	0.00000000E+0
9.480E+2	0.00000000E+0
9.490E+2	0.00000000E+0
9.500E+2	0.00000000E+0
9.510E+2	0.00000000E+0
9.520E+2	0.00000000E+0
9.530E+2	0.00000000E+0
9.540E+2	0.00000000E+0
9.550E+2	0.00000000E+0
9.560E+2	0.00000000E+0
9.570E+2	0.00000000E+0
9.580E+2	0.00000000E+0
9.590E+2	0.00000000E+0
9.600E+2	0.00000000E+0
9.610E+2	0.00000000E+0
9.620E+2	0.00000000E+0
9.630E+2	0.00000000E+0
9.640E+2	0.00000000E+0
9.650E+2	0.00000000E+0
9.660E+2	0.00000000E+0
9.670E+2	0.00000000E+0
9.680E+2	0.00000000E+0
9.690E+2	0.00000000E+0
9.700E+2	0.00000000E+0
9.710E+2	0.00000000E+0
9.720E+2	0.00000000E+0
9.730E+2	0.00000000E+0
9.740E+2	0.00000000E+0
9.750E+2	0.00000000E+0
9.760E+2	0.00000000E+0
9.770E+2	0.00000000E+0
9.780E+2	0.00000000E+0
9.790E+2	0.00000000E+0
9.800E+2	0.00000000E+0
9.810E+2	0.00000000E+0
9.820E+2	0.00000000E+0
9.830E+2	0.00000000E+0
9.840E+2	0.00000000E+0
9.850E+2	0.00000000E+0
9.860E+2	0.00000000E+0
9.870E+2	0.00000000E+0
9.880E+2	0.00000000E+0
9.890E+2	0.00000000E+0
9.900E+2	0.00000000E+0
9.910E+2	0.00000000E+0
9.920E+2	0.00000000E+0
9.930E+2	0.00000000E+0
9.940E+2	0.00000000E+0
9.950E+2	0.00000000E+0
9.960E+2	0.00000000E+0
9.970E+2	0.00000000E+0
9.980E+2	0.00000000E+0
9.990E+2	0.00000000E+0
1.000E+3	0.00000000E+0
1.001E+3	0.00000000E+0
1.002E+3	0.00000000E+0
1.003E+3	0.00000000E+0
1.004E+3	0.00000000E+0
1.005E+3	0.00000000E+0
1.006E+3	0.00000000E+0
1.007E+3	0.00000000E+0
1.008E+3	0.00000000E+0
1.009E+3	0.00000000E+0
1.010E+3	0.00000000E+0
1.011E+3	0.00000000E+0
1.012E+3	0.00000000E+0
1.013E+3	0.00000000E+0
1.014E+3	0.00000000E+0
1.015E+3	0.00000000E+0
1.016E+3	0.00000000E+0
1.017E+3	0.00000000E+0
1.018E+3	0.00000000E+0
1.019E+3	0.00000000E+0
