WAVELENGTH (nm)	SPECTRAL IRRADIANCE (W.m-2.nm-1)
3.410E+2	0.00000000E+0
3.420E+2	0.00000000E+0
3.430E+2	0.00000000E+0
3.440E+2	0.00000000E+0
3.450E+2	0.00000000E+0
3.460E+2	0.00000000E+0
3.470E+2	0.00000000E+0
3.480E+2	0.00000000E+0
3.490E+2	0.00000000E+0
3.500E+2	0.00000000E+0
3.510E+2	0.00000000E+0
3.520E+2	0.00000000E+0
3.530E+2	0.00000000E+0
3.540E+2	0.00000000E+0
3.550E+2	0.00000000E+0
3.560E+2	0.00000000E+0
3.570E+2	0.00000000E+0
3.580E+2	0.00000000E+0
3.590E+2	0.00000000E+0
3.600E+2	0.00000000E+0
3.610E+2	0.00000000E+0
3.620E+2	0.00000000E+0
3.630E+2	0.00000000E+0
3.640E+2	0.00000000E+0
3.650E+2	0.00000000E+0
3.660E+2	0.00000000E+0
3.670E+2	0.00000000E+0
3.680E+2	0.00000000E+0
3.690E+2	0.00000000E+0
3.700E+2	0.00000000E+0
3.710E+2	0.00000000E+0
3.720E+2	0.00000000E+0
3.730E+2	0.00000000E+0
3.740E+2	0.00000000E+0
3.750E+2	0.00000000E+0
3.760E+2	0.00000000E+0
3.770E+2	0.00000000E+0
3.780E+2	0.00000000E+0
3.790E+2	0.00000000E+0
3.800E+2	0.00000000E+0
3.810E+2	0.00000000E+0
3.820E+2	0.00000000E+0
3.830E+2	0.00000000E+0
3.840E+2	0.00000000E+0
3.850E+2	0.00000000E+0
3.860E+2	0.00000000E+0
3.870E+2	0.00000000E+0
3.880E+2	0.00000000E+0
3.890E+2	0.00000000E+0
3.900E+2	0.00000000E+0
3.910E+2	0.00000000E+0
3.920E+2	0.00000000E+0
3.930E+2	0.00000000E+0
3.940E+2	0.00000000E+0
3.950E+2	0.00000000E+0
3.960E+2	0.00000000E+0
3.970E+2	0.00000000E+0
3.980E+2	0.00000000E+0
3.990E+2	0.00000000E+0
4.000E+2	0.00000000E+0
4.010E+2	0.00000000E+0
4.020E+2	0.00000000E+0
4.030E+2	0.00000000E+0
4.040E+2	0.00000000E+0
4.050E+2	0.00000000E+0
4.060E+2	0.00000000E+0
4.070E+2	0.00000000E+0
4.080E+2	0.00000000E+0
4.090E+2	0.00000000E+0
4.100E+2	0.00000000E+0
4.110E+2	0.00000000E+0
4.120E+2	0.00000000E+0
4.130E+2	0.00000000E+0
4.140E+2	0.00000000E+0
4.150E+2	0.00000000E+0
4.160E+2	0.00000000E+0
4.170E+2	0.00000000E+0
4.180E+2	0.00000000E+0
4.190E+2	0.00000000E+0
4.200E+2	0.00000000E+0
4.210E+2	0.00000000E+0
4.220E+2	0.00000000E+0
4.230E+2	0.00000000E+0
4.240E+2	0.00000000E+0
4.250E+2	0.00000000E+0
4.260E+2	0.00000000E+0
4.270E+2	0.00000000E+0
4.280E+2	0.00000000E+0
4.290E+2	0.00000000E+0
4.300E+2	0.00000000E+0
4.310E+2	0.00000000E+0
4.320E+2	0.00000000E+0
4.330E+2	0.00000000E+0
4.340E+2	0.00000000E+0
4.350E+2	0.00000000E+0
4.360E+2	0.00000000E+0
4.370E+2	0.00000000E+0
4.380E+2	0.00000000E+0
4.390E+2	0.00000000E+0
4.400E+2	0.00000000E+0
4.410E+2	0.00000000E+0
4.420E+2	0.00000000E+0
4.430E+2	0.00000000E+0
4.440E+2	0.00000000E+0
4.450E+2	0.00000000E+0
4.460E+2	0.00000000E+0
4.470E+2	0.00000000E+0
4.480E+2	0.00000000E+0
4.490E+2	0.00000000E+0
4.500E+2	0.00000000E+0
4.510E+2	0.00000000E+0
4.520E+2	0.00000000E+0
4.530E+2	0.00000000E+0
4.540E+2	0.00000000E+0
4.550E+2	0.00000000E+0
4.560E+2	0.00000000E+0
4.570E+2	0.00000000E+0
4.580E+2	0.00000000E+0
4.590E+2	0.00000000E+0
4.600E+2	0.00000000E+0
4.610E+2	0.00000000E+0
4.620E+2	0.00000000E+0
4.630E+2	0.00000000E+0
4.640E+2	0.00000000E+0
4.650E+2	0.00000000E+0
4.660E+2	0.00000000E+0
4.670E+2	0.00000000E+0
4.680E+2	0.00000000E+0
4.690E+2	0.00000000E+0
4.700E+2	0.00000000E+0
4.710E+2	0.00000000E+0
4.720E+2	0.00000000E+0
4.730E+2	0.00000000E+0
4.740E+2	0.00000000E+0
4.750E+2	0.00000000E+0
4.760E+2	0.00000000E+0
4.770E+2	0.00000000E+0
4.780E+2	0.00000000E+0
4.790E+2	0.00000000E+0
4.800E+2	0.00000000E+0
4.810E+2	0.00000000E+0
4.820E+2	0.00000000E+0
4.830E+2	0.00000000E+0
4.840E+2	0.00000000E+0
4.850E+2	0.00000000E+0
4.860E+2	0.00000000E+0
4.870E+2	0.00000000E+0
4.880E+2	0.00000000E+0
4.890E+2	0.00000000E+0
4.900E+2	0.00000000E+0
4.910E+2	0.00000000E+0
4.920E+2	0.00000000E+0
4.930E+2	0.00000000E+0
4.940E+2	0.00000000E+0
4.950E+2	0.00000000E+0
4.960E+2	0.00000000E+0
4.970E+2	0.00000000E+0
4.980E+2	0.00000000E+0
4.990E+2	0.00000000E+0
5.000E+2	0.00000000E+0
5.010E+2	0.00000000E+0
5.020E+2	0.00000000E+0
5.030E+2	7.46264444E-7
5.040E+2	3.92243872E-6
5.050E+2	5.31656536E-6
5.060E+2	0.00000000E+0
5.070E+2	0.00000000E+0
5.080E+2	1.98169613E-6
5.090E+2	0.00000000E+0
5.100E+2	0.00000000E+0
5.110E+2	8.60782666E-8
5.120E+2	1.59225833E-6
5.130E+2	0.00000000E+0
5.140E+2	0.00000000E+0
5.150E+2	1.28810248E-6
5.160E+2	0.00000000E+0
5.170E+2	0.00000000E+0
5.180E+2	1.54286761E-6
5.190E+2	1.15352461E-8
5.200E+2	0.00000000E+0
5.210E+2	2.99747656E-6
5.220E+2	7.75083599E-6
5.230E+2	4.27888617E-7
5.240E+2	0.00000000E+0
5.250E+2	0.00000000E+0
5.260E+2	1.04586232E-6
5.270E+2	6.37396292E-6
5.280E+2	7.64284000E-6
5.290E+2	2.52740200E-6
5.300E+2	1.88921698E-6
5.310E+2	7.63119858E-6
5.320E+2	3.70409570E-7
5.330E+2	2.56338803E-6
5.340E+2	2.43521863E-6
5.350E+2	2.94957229E-6
5.360E+2	1.30576028E-5
5.370E+2	4.36613996E-6
5.380E+2	1.14287669E-5
5.390E+2	1.19655427E-5
5.400E+2	1.41772119E-5
5.410E+2	1.55513850E-5
5.420E+2	2.27623927E-5
5.430E+2	2.72029695E-5
5.440E+2	3.03736833E-5
5.450E+2	3.30174237E-5
5.460E+2	4.17911122E-5
5.470E+2	4.50692911E-5
5.480E+2	5.37820499E-5
5.490E+2	5.99417891E-5
5.500E+2	9.47600751E-5
5.510E+2	8.22847557E-5
5.520E+2	9.87781858E-5
5.530E+2	1.22776427E-4
5.540E+2	1.41278173E-4
5.550E+2	1.57242855E-4
5.560E+2	1.87205608E-4
5.570E+2	2.23701352E-4
5.580E+2	2.67935472E-4
5.590E+2	3.07942466E-4
5.600E+2	3.29911589E-4
5.610E+2	4.37729316E-4
5.620E+2	4.90569370E-4
5.630E+2	5.61953811E-4
5.640E+2	6.41563474E-4
5.650E+2	7.42279224E-4
5.660E+2	8.43709888E-4
5.670E+2	1.01375470E-3
5.680E+2	1.12216531E-3
5.690E+2	1.24704637E-3
5.700E+2	1.46314194E-3
5.710E+2	1.62849843E-3
5.720E+2	1.90655307E-3
5.730E+2	2.15902195E-3
5.740E+2	2.52653844E-3
5.750E+2	2.78195968E-3
5.760E+2	3.20173396E-3
5.770E+2	3.81970635E-3
5.780E+2	4.29153748E-3
5.790E+2	5.07339576E-3
5.800E+2	5.64421269E-3
5.810E+2	6.53818079E-3
5.820E+2	7.21990306E-3
5.830E+2	8.44061318E-3
5.840E+2	9.48506051E-3
5.850E+2	1.03708744E-2
5.860E+2	1.17184387E-2
5.870E+2	1.30311283E-2
5.880E+2	1.35390461E-2
5.890E+2	1.40920682E-2
5.900E+2	1.46645852E-2
5.910E+2	1.49150450E-2
5.920E+2	1.51635615E-2
5.930E+2	1.51885408E-2
5.940E+2	1.48202961E-2
5.950E+2	1.43089823E-2
5.960E+2	1.31705100E-2
5.970E+2	1.18473143E-2
5.980E+2	1.03151264E-2
5.990E+2	8.52946435E-3
6.000E+2	7.04336542E-3
6.010E+2	5.96271065E-3
6.020E+2	4.98944235E-3
6.030E+2	4.05842248E-3
6.040E+2	3.33227575E-3
6.050E+2	2.67903421E-3
6.060E+2	2.22213032E-3
6.070E+2	1.86517946E-3
6.080E+2	1.53662059E-3
6.090E+2	1.25479857E-3
6.100E+2	1.02980622E-3
6.110E+2	8.59743091E-4
6.120E+2	7.48558189E-4
6.130E+2	6.33867731E-4
6.140E+2	5.20678745E-4
6.150E+2	4.29270135E-4
6.160E+2	3.64845293E-4
6.170E+2	2.97975064E-4
6.180E+2	2.74385219E-4
6.190E+2	2.27602566E-4
6.200E+2	1.92978752E-4
6.210E+2	1.52670400E-4
6.220E+2	1.19477811E-4
6.230E+2	1.17428641E-4
6.240E+2	8.56679966E-5
6.250E+2	6.36207028E-5
6.260E+2	7.22312629E-5
6.270E+2	3.39285356E-5
6.280E+2	3.58003429E-5
6.290E+2	3.12191084E-5
6.300E+2	2.50530100E-5
6.310E+2	2.59794876E-5
6.320E+2	1.08249740E-5
6.330E+2	1.04879221E-5
6.340E+2	4.39206140E-6
6.350E+2	1.76741291E-5
6.360E+2	9.23898039E-6
6.370E+2	2.14683747E-6
6.380E+2	6.30268923E-6
6.390E+2	1.72866426E-5
6.400E+2	1.95040393E-6
6.410E+2	1.20067724E-6
6.420E+2	6.68360294E-6
6.430E+2	0.00000000E+0
6.440E+2	1.16287030E-6
6.450E+2	0.00000000E+0
6.460E+2	0.00000000E+0
6.470E+2	2.80370566E-8
6.480E+2	0.00000000E+0
6.490E+2	2.33128639E-7
6.500E+2	0.00000000E+0
6.510E+2	8.94515614E-8
6.520E+2	0.00000000E+0
6.530E+2	0.00000000E+0
6.540E+2	0.00000000E+0
6.550E+2	2.14683747E-6
6.560E+2	4.19631550E-7
6.570E+2	3.45194705E-6
6.580E+2	0.00000000E+0
6.590E+2	0.00000000E+0
6.600E+2	0.00000000E+0
6.610E+2	0.00000000E+0
6.620E+2	6.72026679E-6
6.630E+2	0.00000000E+0
6.640E+2	2.83944520E-6
6.650E+2	2.09989918E-6
6.660E+2	1.08943991E-6
6.670E+2	0.00000000E+0
6.680E+2	0.00000000E+0
6.690E+2	0.00000000E+0
6.700E+2	0.00000000E+0
6.710E+2	0.00000000E+0
6.720E+2	0.00000000E+0
6.730E+2	0.00000000E+0
6.740E+2	2.64697677E-8
6.750E+2	8.43603284E-7
6.760E+2	3.33326176E-6
6.770E+2	0.00000000E+0
6.780E+2	0.00000000E+0
6.790E+2	9.73487326E-7
6.800E+2	0.00000000E+0
6.810E+2	0.00000000E+0
6.820E+2	0.00000000E+0
6.830E+2	0.00000000E+0
6.840E+2	4.60723989E-6
6.850E+2	0.00000000E+0
6.860E+2	0.00000000E+0
6.870E+2	0.00000000E+0
6.880E+2	0.00000000E+0
6.890E+2	0.00000000E+0
6.900E+2	2.40135447E-6
6.910E+2	0.00000000E+0
6.920E+2	5.59508733E-7
6.930E+2	0.00000000E+0
6.940E+2	0.00000000E+0
6.950E+2	0.00000000E+0
6.960E+2	0.00000000E+0
6.970E+2	0.00000000E+0
6.980E+2	0.00000000E+0
6.990E+2	0.00000000E+0
7.000E+2	0.00000000E+0
7.010E+2	0.00000000E+0
7.020E+2	0.00000000E+0
7.030E+2	0.00000000E+0
7.040E+2	0.00000000E+0
7.050E+2	0.00000000E+0
7.060E+2	0.00000000E+0
7.070E+2	0.00000000E+0
7.080E+2	0.00000000E+0
7.090E+2	0.00000000E+0
7.100E+2	0.00000000E+0
7.110E+2	0.00000000E+0
7.120E+2	0.00000000E+0
7.130E+2	0.00000000E+0
7.140E+2	0.00000000E+0
7.150E+2	0.00000000E+0
7.160E+2	0.00000000E+0
7.170E+2	0.00000000E+0
7.180E+2	0.00000000E+0
7.190E+2	0.00000000E+0
7.200E+2	0.00000000E+0
7.210E+2	0.00000000E+0
7.220E+2	0.00000000E+0
7.230E+2	0.00000000E+0
7.240E+2	0.00000000E+0
7.250E+2	0.00000000E+0
7.260E+2	0.00000000E+0
7.270E+2	0.00000000E+0
7.280E+2	0.00000000E+0
7.290E+2	0.00000000E+0
7.300E+2	0.00000000E+0
7.310E+2	0.00000000E+0
7.320E+2	0.00000000E+0
7.330E+2	0.00000000E+0
7.340E+2	0.00000000E+0
7.350E+2	0.00000000E+0
7.360E+2	0.00000000E+0
7.370E+2	0.00000000E+0
7.380E+2	0.00000000E+0
7.390E+2	0.00000000E+0
7.400E+2	0.00000000E+0
7.410E+2	0.00000000E+0
7.420E+2	0.00000000E+0
7.430E+2	0.00000000E+0
7.440E+2	0.00000000E+0
7.450E+2	0.00000000E+0
7.460E+2	0.00000000E+0
7.470E+2	0.00000000E+0
7.480E+2	0.00000000E+0
7.490E+2	0.00000000E+0
7.500E+2	0.00000000E+0
7.510E+2	0.00000000E+0
7.520E+2	0.00000000E+0
7.530E+2	0.00000000E+0
7.540E+2	0.00000000E+0
7.550E+2	0.00000000E+0
7.560E+2	0.00000000E+0
7.570E+2	0.00000000E+0
7.580E+2	0.00000000E+0
7.590E+2	0.00000000E+0
7.600E+2	0.00000000E+0
7.610E+2	0.00000000E+0
7.620E+2	0.00000000E+0
7.630E+2	0.00000000E+0
7.640E+2	0.00000000E+0
7.650E+2	0.00000000E+0
7.660E+2	0.00000000E+0
7.670E+2	0.00000000E+0
7.680E+2	0.00000000E+0
7.690E+2	0.00000000E+0
7.700E+2	0.00000000E+0
7.710E+2	0.00000000E+0
7.720E+2	0.00000000E+0
7.730E+2	0.00000000E+0
7.740E+2	0.00000000E+0
7.750E+2	0.00000000E+0
7.760E+2	0.00000000E+0
7.770E+2	0.00000000E+0
7.780E+2	0.00000000E+0
7.790E+2	0.00000000E+0
7.800E+2	0.00000000E+0
7.810E+2	0.00000000E+0
7.820E+2	0.00000000E+0
7.830E+2	0.00000000E+0
7.840E+2	0.00000000E+0
7.850E+2	0.00000000E+0
7.860E+2	0.00000000E+0
7.870E+2	0.00000000E+0
7.880E+2	0.00000000E+0
7.890E+2	0.00000000E+0
7.900E+2	0.00000000E+0
7.910E+2	0.00000000E+0
7.920E+2	0.00000000E+0
7.930E+2	0.00000000E+0
7.940E+2	0.00000000E+0
7.950E+2	0.00000000E+0
7.960E+2	0.00000000E+0
7.970E+2	0.00000000E+0
7.980E+2	0.00000000E+0
7.990E+2	0.00000000E+0
8.000E+2	0.00000000E+0
8.010E+2	0.00000000E+0
8.020E+2	0.00000000E+0
8.030E+2	0.00000000E+0
8.040E+2	0.00000000E+0
8.050E+2	0.00000000E+0
8.060E+2	0.00000000E+0
8.070E+2	0.00000000E+0
8.080E+2	0.00000000E+0
8.090E+2	0.00000000E+0
8.100E+2	0.00000000E+0
8.110E+2	0.00000000E+0
8.120E+2	0.00000000E+0
8.130E+2	0.00000000E+0
8.140E+2	0.00000000E+0
8.150E+2	0.00000000E+0
8.160E+2	0.00000000E+0
8.170E+2	0.00000000E+0
8.180E+2	0.00000000E+0
8.190E+2	0.00000000E+0
8.200E+2	0.00000000E+0
8.210E+2	0.00000000E+0
8.220E+2	0.00000000E+0
8.230E+2	0.00000000E+0
8.240E+2	0.00000000E+0
8.250E+2	0.00000000E+0
8.260E+2	0.00000000E+0
8.270E+2	0.00000000E+0
8.280E+2	0.00000000E+0
8.290E+2	0.00000000E+0
8.300E+2	0.00000000E+0
8.310E+2	0.00000000E+0
8.320E+2	0.00000000E+0
8.330E+2	0.00000000E+0
8.340E+2	0.00000000E+0
8.350E+2	0.00000000E+0
8.360E+2	0.00000000E+0
8.370E+2	0.00000000E+0
8.380E+2	0.00000000E+0
8.390E+2	0.00000000E+0
8.400E+2	0.00000000E+0
8.410E+2	0.00000000E+0
8.420E+2	0.00000000E+0
8.430E+2	0.00000000E+0
8.440E+2	0.00000000E+0
8.450E+2	0.00000000E+0
8.460E+2	0.00000000E+0
8.470E+2	0.00000000E+0
8.480E+2	0.00000000E+0
8.490E+2	0.00000000E+0
8.500E+2	0.00000000E+0
8.510E+2	0.00000000E+0
8.520E+2	0.00000000E+0
8.530E+2	0.00000000E+0
8.540E+2	0.00000000E+0
8.550E+2	0.00000000E+0
8.560E+2	0.00000000E+0
8.570E+2	0.00000000E+0
8.580E+2	0.00000000E+0
8.590E+2	0.00000000E+0
8.600E+2	0.00000000E+0
8.610E+2	0.00000000E+0
8.620E+2	0.00000000E+0
8.630E+2	0.00000000E+0
8.640E+2	0.00000000E+0
8.650E+2	0.00000000E+0
8.660E+2	0.00000000E+0
8.670E+2	0.00000000E+0
8.680E+2	0.00000000E+0
8.690E+2	0.00000000E+0
8.700E+2	0.00000000E+0
8.710E+2	0.00000000E+0
8.720E+2	0.00000000E+0
8.730E+2	0.00000000E+0
8.740E+2	0.00000000E+0
8.750E+2	0.00000000E+0
8.760E+2	0.00000000E+0
8.770E+2	0.00000000E+0
8.780E+2	0.00000000E+0
8.790E+2	0.00000000E+0
8.800E+2	0.00000000E+0
8.810E+2	0.00000000E+0
8.820E+2	0.00000000E+0
8.830E+2	0.00000000E+0
8.840E+2	0.00000000E+0
8.850E+2	0.00000000E+0
8.860E+2	0.00000000E+0
8.870E+2	0.00000000E+0
8.880E+2	0.00000000E+0
8.890E+2	0.00000000E+0
8.900E+2	0.00000000E+0
8.910E+2	0.00000000E+0
8.920E+2	0.00000000E+0
8.930E+2	0.00000000E+0
8.940E+2	0.00000000E+0
8.950E+2	0.00000000E+0
8.960E+2	0.00000000E+0
8.970E+2	0.00000000E+0
8.980E+2	0.00000000E+0
8.990E+2	0.00000000E+0
9.000E+2	0.00000000E+0
9.010E+2	0.00000000E+0
9.020E+2	0.00000000E+0
9.030E+2	0.00000000E+0
9.040E+2	0.00000000E+0
9.050E+2	0.00000000E+0
9.060E+2	0.00000000E+0
9.070E+2	0.00000000E+0
9.080E+2	0.00000000E+0
9.090E+2	0.00000000E+0
9.100E+2	0.00000000E+0
9.110E+2	0.00000000E+0
9.120E+2	0.00000000E+0
9.130E+2	0.00000000E+0
9.140E+2	0.00000000E+0
9.150E+2	0.00000000E+0
9.160E+2	0.00000000E+0
9.170E+2	0.00000000E+0
9.180E+2	0.00000000E+0
9.190E+2	0.00000000E+0
9.200E+2	0.00000000E+0
9.210E+2	0.00000000E+0
9.220E+2	0.00000000E+0
9.230E+2	0.00000000E+0
9.240E+2	0.00000000E+0
9.250E+2	0.00000000E+0
9.260E+2	0.00000000E+0
9.270E+2	0.00000000E+0
9.280E+2	0.00000000E+0
9.290E+2	0.00000000E+0
9.300E+2	0.00000000E+0
9.310E+2	0.00000000E+0
9.320E+2	0.00000000E+0
9.330E+2	0.00000000E+0
9.340E+2	0.00000000E+0
9.350E+2	0.00000000E+0
9.360E+2	0.00000000E+0
9.370E+2	0.00000000E+0
9.380E+2	0.00000000E+0
9.390E+2	0.00000000E+0
9.400E+2	0.00000000E+0
9.410E+2	0.00000000E+0
9.420E+2	0.00000000E+0
9.430E+2	0.00000000E+0
9.440E+2	0.00000000E+0
9.450E+2	0.00000000E+0
9.460E+2	0.00000000E+0
9.470E+2	0.00000000E+0
9.480E+2	0.00000000E+0
9.490E+2	0.00000000E+0
9.500E+2	0.00000000E+0
9.510E+2	0.00000000E+0
9.520E+2	0.00000000E+0
9.530E+2	0.00000000E+0
9.540E+2	0.00000000E+0
9.550E+2	0.00000000E+0
9.560E+2	0.00000000E+0
9.570E+2	0.00000000E+0
9.580E+2	0.00000000E+0
9.590E+2	0.00000000E+0
9.600E+2	0.00000000E+0
9.610E+2	0.00000000E+0
9.620E+2	0.00000000E+0
9.630E+2	0.00000000E+0
9.640E+2	0.00000000E+0
9.650E+2	0.00000000E+0
9.660E+2	0.00000000E+0
9.670E+2	0.00000000E+0
9.680E+2	0.00000000E+0
9.690E+2	0.00000000E+0
9.700E+2	0.00000000E+0
9.710E+2	0.00000000E+0
9.720E+2	0.00000000E+0
9.730E+2	0.00000000E+0
9.740E+2	0.00000000E+0
9.750E+2	0.00000000E+0
9.760E+2	0.00000000E+0
9.770E+2	0.00000000E+0
9.780E+2	0.00000000E+0
9.790E+2	0.00000000E+0
9.800E+2	0.00000000E+0
9.810E+2	0.00000000E+0
9.820E+2	0.00000000E+0
9.830E+2	0.00000000E+0
9.840E+2	0.00000000E+0
9.850E+2	0.00000000E+0
9.860E+2	0.00000000E+0
9.870E+2	0.00000000E+0
9.880E+2	0.00000000E+0
9.890E+2	0.00000000E+0
9.900E+2	0.00000000E+0
9.910E+2	0.00000000E+0
9.920E+2	0.00000000E+0
9.930E+2	0.00000000E+0
9.940E+2	0.00000000E+0
9.950E+2	0.00000000E+0
9.960E+2	0.00000000E+0
9.970E+2	0.00000000E+0
9.980E+2	0.00000000E+0
9.990E+2	0.00000000E+0
1.000E+3	0.00000000E+0
1.001E+3	0.00000000E+0
1.002E+3	0.00000000E+0
1.003E+3	0.00000000E+0
1.004E+3	0.00000000E+0
1.005E+3	0.00000000E+0
1.006E+3	0.00000000E+0
1.007E+3	0.00000000E+0
1.008E+3	0.00000000E+0
1.009E+3	0.00000000E+0
1.010E+3	0.00000000E+0
1.011E+3	0.00000000E+0
1.012E+3	0.00000000E+0
1.013E+3	0.00000000E+0
1.014E+3	0.00000000E+0
1.015E+3	0.00000000E+0
1.016E+3	0.00000000E+0
1.017E+3	0.00000000E+0
1.018E+3	0.00000000E+0
1.019E+3	0.00000000E+0
