WAVELENGTH (nm)	SPECTRAL IRRADIANCE (W.m-2.nm-1)
3.410E+2	0.00000000E+0
3.420E+2	0.00000000E+0
3.430E+2	0.00000000E+0
3.440E+2	0.00000000E+0
3.450E+2	0.00000000E+0
3.460E+2	0.00000000E+0
3.470E+2	0.00000000E+0
3.480E+2	0.00000000E+0
3.490E+2	1.12392651E-6
3.500E+2	1.42168401E-9
3.510E+2	1.03449690E-5
3.520E+2	1.53330327E-5
3.530E+2	1.04380040E-6
3.540E+2	7.24734701E-6
3.550E+2	4.71157454E-6
3.560E+2	1.93923386E-6
3.570E+2	8.97878753E-6
3.580E+2	4.02251274E-6
3.590E+2	4.83258829E-6
3.600E+2	7.21083817E-6
3.610E+2	1.06249270E-5
3.620E+2	2.33156178E-6
3.630E+2	1.84363982E-6
3.640E+2	4.64924792E-6
3.650E+2	6.63704650E-6
3.660E+2	7.39338239E-6
3.670E+2	7.21476201E-7
3.680E+2	3.83854683E-8
3.690E+2	6.61481136E-6
3.700E+2	1.06017120E-5
3.710E+2	9.34077890E-6
3.720E+2	1.10123643E-5
3.730E+2	7.61311787E-6
3.740E+2	2.75510988E-6
3.750E+2	6.33246492E-6
3.760E+2	4.94200109E-6
3.770E+2	3.95444251E-6
3.780E+2	7.11353811E-6
3.790E+2	2.41777269E-6
3.800E+2	4.99067955E-6
3.810E+2	2.56039603E-6
3.820E+2	3.77098840E-6
3.830E+2	3.40154303E-7
3.840E+2	8.67688747E-6
3.850E+2	9.25902989E-6
3.860E+2	4.64924792E-6
3.870E+2	1.25527568E-5
3.880E+2	1.19440223E-5
3.890E+2	1.76027227E-6
3.900E+2	5.92813361E-6
3.910E+2	1.37604227E-5
3.920E+2	7.95426517E-6
3.930E+2	6.68583869E-6
3.940E+2	9.28467707E-6
3.950E+2	7.83217095E-6
3.960E+2	1.11080459E-5
3.970E+2	9.69872832E-6
3.980E+2	1.10894765E-5
3.990E+2	1.05897239E-5
4.000E+2	1.77965267E-5
4.010E+2	1.86261078E-5
4.020E+2	2.17852034E-5
4.030E+2	2.79068610E-5
4.040E+2	3.94823828E-5
4.050E+2	3.70729215E-5
4.060E+2	4.45701349E-5
4.070E+2	4.94845378E-5
4.080E+2	5.81726457E-5
4.090E+2	6.28491812E-5
4.100E+2	7.39292899E-5
4.110E+2	7.69306201E-5
4.120E+2	8.89135965E-5
4.130E+2	9.69873969E-5
4.140E+2	1.12390263E-4
4.150E+2	1.21524554E-4
4.160E+2	1.31213873E-4
4.170E+2	1.37137459E-4
4.180E+2	1.42625046E-4
4.190E+2	1.66448367E-4
4.200E+2	1.62822399E-4
4.210E+2	1.78264713E-4
4.220E+2	1.78391976E-4
4.230E+2	1.73250508E-4
4.240E+2	1.69957205E-4
4.250E+2	1.61382430E-4
4.260E+2	1.45386319E-4
4.270E+2	1.47007426E-4
4.280E+2	1.42625046E-4
4.290E+2	1.23057138E-4
4.300E+2	1.19219950E-4
4.310E+2	1.10025035E-4
4.320E+2	1.06124481E-4
4.330E+2	1.03197501E-4
4.340E+2	9.15337514E-5
4.350E+2	9.79924903E-5
4.360E+2	9.64722486E-5
4.370E+2	8.59493854E-5
4.380E+2	8.72911532E-5
4.390E+2	9.42947886E-5
4.400E+2	8.54130124E-5
4.410E+2	8.26929285E-5
4.420E+2	6.82289297E-5
4.430E+2	7.46130827E-5
4.440E+2	5.57036924E-5
4.450E+2	6.58226333E-5
4.460E+2	5.40945735E-5
4.470E+2	4.68755071E-5
4.480E+2	4.12742164E-5
4.490E+2	3.99476978E-5
4.500E+2	2.84604035E-5
4.510E+2	3.66799133E-5
4.520E+2	4.06182033E-5
4.530E+2	3.06135330E-5
4.540E+2	2.97518087E-5
4.550E+2	3.52234506E-5
4.560E+2	2.44070161E-5
4.570E+2	2.80551710E-5
4.580E+2	2.44066618E-5
4.590E+2	2.78770625E-5
4.600E+2	2.36727317E-5
4.610E+2	3.44629458E-5
4.620E+2	2.44835509E-5
4.630E+2	2.53443302E-5
4.640E+2	2.40780822E-5
4.650E+2	3.44761150E-5
4.660E+2	2.85995360E-5
4.670E+2	3.59073024E-5
4.680E+2	3.35258680E-5
4.690E+2	4.06435968E-5
4.700E+2	4.03147810E-5
4.710E+2	3.74864499E-5
4.720E+2	3.81864544E-5
4.730E+2	5.25750405E-5
4.740E+2	5.83251836E-5
4.750E+2	6.40995982E-5
4.760E+2	8.19961436E-5
4.770E+2	8.27192101E-5
4.780E+2	1.09036226E-4
4.790E+2	1.40497310E-4
4.800E+2	1.51440830E-4
4.810E+2	1.79253759E-4
4.820E+2	2.16590772E-4
4.830E+2	2.71773367E-4
4.840E+2	2.99650312E-4
4.850E+2	3.61519478E-4
4.860E+2	4.26708101E-4
4.870E+2	4.96379911E-4
4.880E+2	5.95489738E-4
4.890E+2	6.46021407E-4
4.900E+2	7.28396327E-4
4.910E+2	8.69900449E-4
4.920E+2	1.07068894E-3
4.930E+2	1.37144780E-3
4.940E+2	1.67408996E-3
4.950E+2	1.81127151E-3
4.960E+2	2.00827703E-3
4.970E+2	2.26230491E-3
4.980E+2	2.63922517E-3
4.990E+2	3.01219583E-3
5.000E+2	3.43174820E-3
5.010E+2	3.72242606E-3
5.020E+2	4.22924180E-3
5.030E+2	4.63957277E-3
5.040E+2	5.00815854E-3
5.050E+2	5.54699213E-3
5.060E+2	6.05059046E-3
5.070E+2	6.51943482E-3
5.080E+2	6.91249080E-3
5.090E+2	7.21562202E-3
5.100E+2	7.66460798E-3
5.110E+2	7.88065321E-3
5.120E+2	8.05559648E-3
5.130E+2	8.30030427E-3
5.140E+2	8.49836592E-3
5.150E+2	8.64247191E-3
5.160E+2	8.74445274E-3
5.170E+2	8.88633694E-3
5.180E+2	8.98676538E-3
5.190E+2	9.05655825E-3
5.200E+2	9.15770451E-3
5.210E+2	9.19693385E-3
5.220E+2	9.24648034E-3
5.230E+2	9.32273653E-3
5.240E+2	9.34814489E-3
5.250E+2	9.38386745E-3
5.260E+2	9.35893194E-3
5.270E+2	9.38866176E-3
5.280E+2	9.41630937E-3
5.290E+2	9.40045016E-3
5.300E+2	9.42334392E-3
5.310E+2	9.46189273E-3
5.320E+2	9.43031086E-3
5.330E+2	9.45307166E-3
5.340E+2	9.40254471E-3
5.350E+2	9.41246321E-3
5.360E+2	9.36860035E-3
5.370E+2	9.36492523E-3
5.380E+2	9.37394846E-3
5.390E+2	9.36070952E-3
5.400E+2	9.39303396E-3
5.410E+2	9.31816571E-3
5.420E+2	9.39254699E-3
5.430E+2	9.38108724E-3
5.440E+2	9.34644512E-3
5.450E+2	9.37173623E-3
5.460E+2	9.35566592E-3
5.470E+2	9.37305239E-3
5.480E+2	9.34494391E-3
5.490E+2	9.38213060E-3
5.500E+2	9.33162679E-3
5.510E+2	9.35408505E-3
5.520E+2	9.35131977E-3
5.530E+2	9.31878394E-3
5.540E+2	9.35408567E-3
5.550E+2	9.32663490E-3
5.560E+2	9.33348471E-3
5.570E+2	9.32184016E-3
5.580E+2	9.34176928E-3
5.590E+2	9.29478510E-3
5.600E+2	9.27969076E-3
5.610E+2	9.25521353E-3
5.620E+2	9.26472700E-3
5.630E+2	9.21051143E-3
5.640E+2	9.20999706E-3
5.650E+2	9.14485665E-3
5.660E+2	9.11774118E-3
5.670E+2	9.09474251E-3
5.680E+2	9.01268206E-3
5.690E+2	9.02248129E-3
5.700E+2	8.93545138E-3
5.710E+2	8.90497508E-3
5.720E+2	8.77969725E-3
5.730E+2	8.74014173E-3
5.740E+2	8.70081026E-3
5.750E+2	8.63697001E-3
5.760E+2	8.57324012E-3
5.770E+2	8.50888641E-3
5.780E+2	8.44628875E-3
5.790E+2	8.36844089E-3
5.800E+2	8.33016589E-3
5.810E+2	8.29089162E-3
5.820E+2	8.16710989E-3
5.830E+2	8.09721984E-3
5.840E+2	8.03366511E-3
5.850E+2	7.89418318E-3
5.860E+2	7.86299675E-3
5.870E+2	7.79666199E-3
5.880E+2	7.73209389E-3
5.890E+2	7.64025933E-3
5.900E+2	7.56793226E-3
5.910E+2	7.50868475E-3
5.920E+2	7.40983995E-3
5.930E+2	7.33968558E-3
5.940E+2	7.18440511E-3
5.950E+2	7.02847111E-3
5.960E+2	6.95325350E-3
5.970E+2	6.97935787E-3
5.980E+2	6.75489257E-3
5.990E+2	6.65150819E-3
6.000E+2	6.57261271E-3
6.010E+2	6.48888844E-3
6.020E+2	6.35471777E-3
6.030E+2	6.23628947E-3
6.040E+2	6.19821461E-3
6.050E+2	5.98849221E-3
6.060E+2	5.85920196E-3
6.070E+2	5.65579167E-3
6.080E+2	5.59271737E-3
6.090E+2	5.50799175E-3
6.100E+2	5.32841455E-3
6.110E+2	5.16442389E-3
6.120E+2	4.96975301E-3
6.130E+2	4.85067022E-3
6.140E+2	4.83380858E-3
6.150E+2	4.61745976E-3
6.160E+2	4.45301603E-3
6.170E+2	4.33763827E-3
6.180E+2	4.16017406E-3
6.190E+2	4.04535826E-3
6.200E+2	3.89464949E-3
6.210E+2	3.79849428E-3
6.220E+2	3.63203474E-3
6.230E+2	3.53379378E-3
6.240E+2	3.40448971E-3
6.250E+2	3.34387099E-3
6.260E+2	3.16487047E-3
6.270E+2	3.14722454E-3
6.280E+2	2.99884884E-3
6.290E+2	2.84698723E-3
6.300E+2	2.76669353E-3
6.310E+2	2.69036350E-3
6.320E+2	2.61222426E-3
6.330E+2	2.58840983E-3
6.340E+2	2.48311308E-3
6.350E+2	2.43058896E-3
6.360E+2	2.29660621E-3
6.370E+2	2.20930173E-3
6.380E+2	2.21521443E-3
6.390E+2	2.14698203E-3
6.400E+2	2.11578071E-3
6.410E+2	2.04528249E-3
6.420E+2	1.96728122E-3
6.430E+2	1.90832204E-3
6.440E+2	1.84756718E-3
6.450E+2	1.80909432E-3
6.460E+2	1.72962837E-3
6.470E+2	1.71790536E-3
6.480E+2	1.63632236E-3
6.490E+2	1.60243208E-3
6.500E+2	1.60149829E-3
6.510E+2	1.53698441E-3
6.520E+2	1.45942049E-3
6.530E+2	1.44802136E-3
6.540E+2	1.36917894E-3
6.550E+2	1.35543081E-3
6.560E+2	1.31731442E-3
6.570E+2	1.27705766E-3
6.580E+2	1.20699996E-3
6.590E+2	1.20757612E-3
6.600E+2	1.16652824E-3
6.610E+2	1.11943848E-3
6.620E+2	1.05969412E-3
6.630E+2	1.02166489E-3
6.640E+2	1.00988687E-3
6.650E+2	9.79930670E-4
6.660E+2	9.67476363E-4
6.670E+2	9.10659152E-4
6.680E+2	8.76745858E-4
6.690E+2	8.43042950E-4
6.700E+2	8.09124215E-4
6.710E+2	7.75335924E-4
6.720E+2	7.62364573E-4
6.730E+2	7.16180521E-4
6.740E+2	7.03362837E-4
6.750E+2	6.52621721E-4
6.760E+2	6.26823014E-4
6.770E+2	6.15025591E-4
6.780E+2	5.93544516E-4
6.790E+2	5.74563970E-4
6.800E+2	5.56768200E-4
6.810E+2	5.13243017E-4
6.820E+2	4.99298611E-4
6.830E+2	4.79167336E-4
6.840E+2	4.61171227E-4
6.850E+2	4.37389794E-4
6.860E+2	4.36359862E-4
6.870E+2	4.09757664E-4
6.880E+2	3.97701957E-4
6.890E+2	3.74451778E-4
6.900E+2	3.80507603E-4
6.910E+2	3.50870551E-4
6.920E+2	3.39746308E-4
6.930E+2	3.16838195E-4
6.940E+2	3.12056767E-4
6.950E+2	3.09206696E-4
6.960E+2	3.04597636E-4
6.970E+2	2.85784484E-4
6.980E+2	2.78338972E-4
6.990E+2	2.76821578E-4
7.000E+2	2.68745876E-4
7.010E+2	2.59254385E-4
7.020E+2	2.43316061E-4
7.030E+2	2.44214002E-4
7.040E+2	2.33721579E-4
7.050E+2	2.15116282E-4
7.060E+2	2.13424739E-4
7.070E+2	2.12981003E-4
7.080E+2	2.14498798E-4
7.090E+2	2.12945688E-4
7.100E+2	1.95413877E-4
7.110E+2	1.86421609E-4
7.120E+2	1.85719844E-4
7.130E+2	1.81282016E-4
7.140E+2	1.68430549E-4
7.150E+2	1.69088755E-4
7.160E+2	1.59878012E-4
7.170E+2	1.42739535E-4
7.180E+2	1.59347625E-4
7.190E+2	1.52489444E-4
7.200E+2	1.45215088E-4
7.210E+2	1.40604854E-4
7.220E+2	1.32955188E-4
7.230E+2	1.22088820E-4
7.240E+2	1.45049681E-4
7.250E+2	1.18586530E-4
7.260E+2	1.21879269E-4
7.270E+2	1.19818337E-4
7.280E+2	1.11281845E-4
7.290E+2	1.09136896E-4
7.300E+2	9.71524337E-5
7.310E+2	1.02479454E-4
7.320E+2	1.02666374E-4
7.330E+2	9.60298333E-5
7.340E+2	9.30215292E-5
7.350E+2	8.18996539E-5
7.360E+2	8.35912665E-5
7.370E+2	7.87710986E-5
7.380E+2	7.93103795E-5
7.390E+2	7.52241418E-5
7.400E+2	6.64532018E-5
7.410E+2	7.54781140E-5
7.420E+2	7.13476980E-5
7.430E+2	6.74556907E-5
7.440E+2	6.51658230E-5
7.450E+2	7.08380786E-5
7.460E+2	5.79958363E-5
7.470E+2	6.44619033E-5
7.480E+2	5.08114725E-5
7.490E+2	4.44946202E-5
7.500E+2	4.54669657E-5
7.510E+2	4.78770779E-5
7.520E+2	4.45690183E-5
7.530E+2	4.05724629E-5
7.540E+2	4.60211056E-5
7.550E+2	3.97799774E-5
7.560E+2	4.40309936E-5
7.570E+2	4.16800581E-5
7.580E+2	4.13359847E-5
7.590E+2	2.68618715E-5
7.600E+2	3.90607036E-5
7.610E+2	3.17114218E-5
7.620E+2	3.21158651E-5
7.630E+2	3.26395126E-5
7.640E+2	3.56926230E-5
7.650E+2	2.50812743E-5
7.660E+2	3.55087516E-5
7.670E+2	2.51132356E-5
7.680E+2	2.88669888E-5
7.690E+2	2.77307789E-5
7.700E+2	2.91676517E-5
7.710E+2	2.28075485E-5
7.720E+2	2.82087129E-5
7.730E+2	2.24309322E-5
7.740E+2	2.70417947E-5
7.750E+2	2.76558226E-5
7.760E+2	2.61585800E-5
7.770E+2	2.17097972E-5
7.780E+2	2.00323888E-5
7.790E+2	2.63375260E-5
7.800E+2	1.49777306E-5
7.810E+2	1.94970262E-5
7.820E+2	2.07849634E-5
7.830E+2	1.65932702E-5
7.840E+2	1.84008236E-5
7.850E+2	1.85094728E-5
7.860E+2	2.13238953E-5
7.870E+2	1.89026131E-5
7.880E+2	2.07057796E-5
7.890E+2	1.29285182E-5
7.900E+2	1.31635835E-5
7.910E+2	1.58450095E-5
7.920E+2	2.29328679E-5
7.930E+2	8.44399875E-6
7.940E+2	1.22826519E-5
7.950E+2	2.11613603E-5
7.960E+2	1.30068976E-5
7.970E+2	1.94052800E-5
7.980E+2	7.31466172E-6
7.990E+2	1.01065648E-5
8.000E+2	1.08747128E-5
8.010E+2	1.94675741E-5
8.020E+2	1.28194303E-5
8.030E+2	1.39483287E-5
8.040E+2	2.11930192E-5
8.050E+2	1.11726572E-5
8.060E+2	1.78208009E-5
8.070E+2	1.39637560E-5
8.080E+2	9.35362468E-6
8.090E+2	1.26312319E-5
8.100E+2	9.26011037E-6
8.110E+2	7.34661305E-6
8.120E+2	1.32737680E-5
8.130E+2	1.08900341E-5
8.140E+2	1.41052338E-5
8.150E+2	6.90762952E-6
8.160E+2	8.46023032E-6
8.170E+2	7.51865306E-6
8.180E+2	9.47916344E-6
8.190E+2	1.02943977E-5
8.200E+2	7.23620913E-6
8.210E+2	9.83550853E-6
8.220E+2	5.96707588E-6
8.230E+2	9.26011037E-6
8.240E+2	1.76233827E-5
8.250E+2	1.49887577E-5
8.260E+2	1.68338192E-5
8.270E+2	5.30728452E-6
8.280E+2	1.94683418E-5
8.290E+2	3.79279135E-6
8.300E+2	6.92151410E-6
8.310E+2	7.00114384E-6
8.320E+2	5.39016423E-6
8.330E+2	4.45163953E-6
8.340E+2	8.27130070E-6
8.350E+2	0.00000000E+0
8.360E+2	0.00000000E+0
8.370E+2	0.00000000E+0
8.380E+2	0.00000000E+0
8.390E+2	0.00000000E+0
8.400E+2	0.00000000E+0
8.410E+2	0.00000000E+0
8.420E+2	0.00000000E+0
8.430E+2	0.00000000E+0
8.440E+2	0.00000000E+0
8.450E+2	0.00000000E+0
8.460E+2	0.00000000E+0
8.470E+2	0.00000000E+0
8.480E+2	0.00000000E+0
8.490E+2	0.00000000E+0
8.500E+2	0.00000000E+0
8.510E+2	0.00000000E+0
8.520E+2	0.00000000E+0
8.530E+2	0.00000000E+0
8.540E+2	0.00000000E+0
8.550E+2	0.00000000E+0
8.560E+2	0.00000000E+0
8.570E+2	0.00000000E+0
8.580E+2	0.00000000E+0
8.590E+2	0.00000000E+0
8.600E+2	0.00000000E+0
8.610E+2	0.00000000E+0
8.620E+2	0.00000000E+0
8.630E+2	0.00000000E+0
8.640E+2	0.00000000E+0
8.650E+2	0.00000000E+0
8.660E+2	0.00000000E+0
8.670E+2	0.00000000E+0
8.680E+2	0.00000000E+0
8.690E+2	0.00000000E+0
8.700E+2	0.00000000E+0
8.710E+2	0.00000000E+0
8.720E+2	0.00000000E+0
8.730E+2	0.00000000E+0
8.740E+2	0.00000000E+0
8.750E+2	0.00000000E+0
8.760E+2	0.00000000E+0
8.770E+2	0.00000000E+0
8.780E+2	0.00000000E+0
8.790E+2	0.00000000E+0
8.800E+2	0.00000000E+0
8.810E+2	0.00000000E+0
8.820E+2	0.00000000E+0
8.830E+2	0.00000000E+0
8.840E+2	0.00000000E+0
8.850E+2	0.00000000E+0
8.860E+2	0.00000000E+0
8.870E+2	0.00000000E+0
8.880E+2	0.00000000E+0
8.890E+2	0.00000000E+0
8.900E+2	0.00000000E+0
8.910E+2	0.00000000E+0
8.920E+2	0.00000000E+0
8.930E+2	0.00000000E+0
8.940E+2	0.00000000E+0
8.950E+2	0.00000000E+0
8.960E+2	0.00000000E+0
8.970E+2	0.00000000E+0
8.980E+2	0.00000000E+0
8.990E+2	0.00000000E+0
9.000E+2	0.00000000E+0
9.010E+2	0.00000000E+0
9.020E+2	0.00000000E+0
9.030E+2	0.00000000E+0
9.040E+2	0.00000000E+0
9.050E+2	0.00000000E+0
9.060E+2	0.00000000E+0
9.070E+2	0.00000000E+0
9.080E+2	0.00000000E+0
9.090E+2	0.00000000E+0
9.100E+2	0.00000000E+0
9.110E+2	0.00000000E+0
9.120E+2	0.00000000E+0
9.130E+2	0.00000000E+0
9.140E+2	0.00000000E+0
9.150E+2	0.00000000E+0
9.160E+2	0.00000000E+0
9.170E+2	0.00000000E+0
9.180E+2	0.00000000E+0
9.190E+2	0.00000000E+0
9.200E+2	0.00000000E+0
9.210E+2	0.00000000E+0
9.220E+2	0.00000000E+0
9.230E+2	0.00000000E+0
9.240E+2	0.00000000E+0
9.250E+2	0.00000000E+0
9.260E+2	0.00000000E+0
9.270E+2	0.00000000E+0
9.280E+2	0.00000000E+0
9.290E+2	0.00000000E+0
9.300E+2	0.00000000E+0
9.310E+2	0.00000000E+0
9.320E+2	0.00000000E+0
9.330E+2	0.00000000E+0
9.340E+2	0.00000000E+0
9.350E+2	0.00000000E+0
9.360E+2	0.00000000E+0
9.370E+2	0.00000000E+0
9.380E+2	0.00000000E+0
9.390E+2	0.00000000E+0
9.400E+2	0.00000000E+0
9.410E+2	0.00000000E+0
9.420E+2	0.00000000E+0
9.430E+2	0.00000000E+0
9.440E+2	0.00000000E+0
9.450E+2	0.00000000E+0
9.460E+2	0.00000000E+0
9.470E+2	0.00000000E+0
9.480E+2	0.00000000E+0
9.490E+2	0.00000000E+0
9.500E+2	0.00000000E+0
9.510E+2	0.00000000E+0
9.520E+2	0.00000000E+0
9.530E+2	0.00000000E+0
9.540E+2	0.00000000E+0
9.550E+2	0.00000000E+0
9.560E+2	0.00000000E+0
9.570E+2	0.00000000E+0
9.580E+2	0.00000000E+0
9.590E+2	0.00000000E+0
9.600E+2	0.00000000E+0
9.610E+2	0.00000000E+0
9.620E+2	0.00000000E+0
9.630E+2	0.00000000E+0
9.640E+2	0.00000000E+0
9.650E+2	0.00000000E+0
9.660E+2	0.00000000E+0
9.670E+2	0.00000000E+0
9.680E+2	0.00000000E+0
9.690E+2	0.00000000E+0
9.700E+2	0.00000000E+0
9.710E+2	0.00000000E+0
9.720E+2	0.00000000E+0
9.730E+2	0.00000000E+0
9.740E+2	0.00000000E+0
9.750E+2	0.00000000E+0
9.760E+2	0.00000000E+0
9.770E+2	0.00000000E+0
9.780E+2	0.00000000E+0
9.790E+2	0.00000000E+0
9.800E+2	0.00000000E+0
9.810E+2	0.00000000E+0
9.820E+2	0.00000000E+0
9.830E+2	0.00000000E+0
9.840E+2	0.00000000E+0
9.850E+2	0.00000000E+0
9.860E+2	0.00000000E+0
9.870E+2	0.00000000E+0
9.880E+2	0.00000000E+0
9.890E+2	0.00000000E+0
9.900E+2	0.00000000E+0
9.910E+2	0.00000000E+0
9.920E+2	0.00000000E+0
9.930E+2	0.00000000E+0
9.940E+2	0.00000000E+0
9.950E+2	0.00000000E+0
9.960E+2	0.00000000E+0
9.970E+2	0.00000000E+0
9.980E+2	0.00000000E+0
9.990E+2	0.00000000E+0
1.000E+3	0.00000000E+0
1.001E+3	0.00000000E+0
1.002E+3	0.00000000E+0
1.003E+3	0.00000000E+0
1.004E+3	0.00000000E+0
1.005E+3	0.00000000E+0
1.006E+3	0.00000000E+0
1.007E+3	0.00000000E+0
1.008E+3	0.00000000E+0
1.009E+3	0.00000000E+0
1.010E+3	0.00000000E+0
1.011E+3	0.00000000E+0
1.012E+3	0.00000000E+0
1.013E+3	0.00000000E+0
1.014E+3	0.00000000E+0
1.015E+3	0.00000000E+0
1.016E+3	0.00000000E+0
1.017E+3	0.00000000E+0
1.018E+3	0.00000000E+0
1.019E+3	0.00000000E+0
