WAVELENGTH (nm)	SPECTRAL IRRADIANCE (W.m-2.nm-1)
3.410E+2	0.00000000E+0
3.420E+2	0.00000000E+0
3.430E+2	0.00000000E+0
3.440E+2	0.00000000E+0
3.450E+2	0.00000000E+0
3.460E+2	0.00000000E+0
3.470E+2	0.00000000E+0
3.480E+2	0.00000000E+0
3.490E+2	0.00000000E+0
3.500E+2	2.04391681E-6
3.510E+2	9.12986327E-7
3.520E+2	0.00000000E+0
3.530E+2	3.70568787E-5
3.540E+2	1.61023768E-5
3.550E+2	1.85566914E-5
3.560E+2	3.05827707E-5
3.570E+2	7.68352979E-5
3.580E+2	0.00000000E+0
3.590E+2	1.47241881E-5
3.600E+2	0.00000000E+0
3.610E+2	5.19059705E-5
3.620E+2	1.61563318E-5
3.630E+2	0.00000000E+0
3.640E+2	0.00000000E+0
3.650E+2	2.02845254E-5
3.660E+2	2.66121282E-6
3.670E+2	9.89882803E-6
3.680E+2	0.00000000E+0
3.690E+2	8.08050253E-6
3.700E+2	1.11672114E-5
3.710E+2	6.81891667E-6
3.720E+2	0.00000000E+0
3.730E+2	5.02686278E-5
3.740E+2	8.44926574E-6
3.750E+2	2.06545632E-5
3.760E+2	0.00000000E+0
3.770E+2	3.12684010E-6
3.780E+2	8.41400382E-6
3.790E+2	3.41356624E-5
3.800E+2	2.33875744E-5
3.810E+2	6.62346302E-5
3.820E+2	9.29092103E-5
3.830E+2	6.52173614E-5
3.840E+2	1.37896001E-5
3.850E+2	6.39328341E-5
3.860E+2	6.83082860E-5
3.870E+2	6.91862392E-5
3.880E+2	6.72997428E-5
3.890E+2	1.16506232E-4
3.900E+2	1.65988297E-4
3.910E+2	1.12582812E-4
3.920E+2	1.99059059E-4
3.930E+2	2.60100416E-4
3.940E+2	3.11033660E-4
3.950E+2	4.34403483E-4
3.960E+2	5.00273598E-4
3.970E+2	6.04611494E-4
3.980E+2	8.12080308E-4
3.990E+2	1.09950355E-3
4.000E+2	1.50118106E-3
4.010E+2	1.90600659E-3
4.020E+2	2.46017187E-3
4.030E+2	3.14143598E-3
4.040E+2	4.07026511E-3
4.050E+2	5.03349699E-3
4.060E+2	6.33830129E-3
4.070E+2	8.01798982E-3
4.080E+2	1.01314137E-2
4.090E+2	1.28765357E-2
4.100E+2	1.60343433E-2
4.110E+2	2.02944950E-2
4.120E+2	2.45254285E-2
4.130E+2	3.04764268E-2
4.140E+2	3.75739311E-2
4.150E+2	4.62339735E-2
4.160E+2	5.49965937E-2
4.170E+2	6.10565792E-2
4.180E+2	6.47929386E-2
4.190E+2	6.81541011E-2
4.200E+2	7.06024282E-2
4.210E+2	7.12904609E-2
4.220E+2	7.13853650E-2
4.230E+2	7.00624841E-2
4.240E+2	6.65655752E-2
4.250E+2	6.26517873E-2
4.260E+2	5.73567864E-2
4.270E+2	5.02345788E-2
4.280E+2	4.15744302E-2
4.290E+2	3.58116277E-2
4.300E+2	3.05675270E-2
4.310E+2	2.67122612E-2
4.320E+2	2.37276735E-2
4.330E+2	2.10385797E-2
4.340E+2	1.87648716E-2
4.350E+2	1.66186185E-2
4.360E+2	1.43705563E-2
4.370E+2	1.23693979E-2
4.380E+2	1.04734625E-2
4.390E+2	9.02285001E-3
4.400E+2	7.71058376E-3
4.410E+2	6.60361476E-3
4.420E+2	5.56961314E-3
4.430E+2	4.92033721E-3
4.440E+2	4.43058140E-3
4.450E+2	4.10405121E-3
4.460E+2	3.68743949E-3
4.470E+2	3.29666121E-3
4.480E+2	3.04121014E-3
4.490E+2	2.68844658E-3
4.500E+2	2.36211050E-3
4.510E+2	2.11827114E-3
4.520E+2	1.74698298E-3
4.530E+2	1.51402715E-3
4.540E+2	1.33652620E-3
4.550E+2	1.19100303E-3
4.560E+2	1.03014878E-3
4.570E+2	8.12330802E-4
4.580E+2	7.35122983E-4
4.590E+2	6.84406408E-4
4.600E+2	5.50045161E-4
4.610E+2	5.01225670E-4
4.620E+2	4.39913656E-4
4.630E+2	3.48320640E-4
4.640E+2	3.73961285E-4
4.650E+2	3.54755728E-4
4.660E+2	3.21731012E-4
4.670E+2	2.33636133E-4
4.680E+2	2.50671954E-4
4.690E+2	1.84528109E-4
4.700E+2	1.87934038E-4
4.710E+2	1.44828708E-4
4.720E+2	1.28231457E-4
4.730E+2	1.83870306E-4
4.740E+2	1.01923304E-4
4.750E+2	1.40531626E-4
4.760E+2	1.10629599E-4
4.770E+2	1.09600674E-4
4.780E+2	6.99486025E-5
4.790E+2	1.00793436E-4
4.800E+2	1.33721532E-4
4.810E+2	1.35989652E-4
4.820E+2	1.22745794E-4
4.830E+2	1.09402671E-4
4.840E+2	7.18377460E-5
4.850E+2	9.01979968E-5
4.860E+2	3.96658359E-5
4.870E+2	1.42799745E-4
4.880E+2	5.02648042E-5
4.890E+2	6.86224080E-5
4.900E+2	6.55028065E-5
4.910E+2	8.49018656E-5
4.920E+2	7.03271371E-5
4.930E+2	8.34299396E-5
4.940E+2	9.71916217E-5
4.950E+2	1.74015789E-5
4.960E+2	5.54831108E-5
4.970E+2	9.70080898E-5
4.980E+2	5.00799488E-5
4.990E+2	5.66585975E-5
5.000E+2	4.63312564E-5
5.010E+2	2.47194553E-5
5.020E+2	7.69457569E-5
5.030E+2	5.46175108E-5
5.040E+2	3.45613545E-5
5.050E+2	6.91915334E-5
5.060E+2	4.13749769E-5
5.070E+2	4.11799743E-5
5.080E+2	4.93233208E-5
5.090E+2	1.33634178E-5
5.100E+2	5.93496342E-5
5.110E+2	4.32711793E-6
5.120E+2	4.19026312E-5
5.130E+2	5.68572708E-5
5.140E+2	3.28654489E-5
5.150E+2	2.79794410E-5
5.160E+2	3.72084494E-5
5.170E+2	2.86965920E-5
5.180E+2	9.42661406E-5
5.190E+2	2.11502183E-5
5.200E+2	1.91607323E-6
5.210E+2	4.55388573E-5
5.220E+2	5.38622063E-5
5.230E+2	0.00000000E+0
5.240E+2	0.00000000E+0
5.250E+2	0.00000000E+0
5.260E+2	0.00000000E+0
5.270E+2	0.00000000E+0
5.280E+2	0.00000000E+0
5.290E+2	0.00000000E+0
5.300E+2	0.00000000E+0
5.310E+2	0.00000000E+0
5.320E+2	0.00000000E+0
5.330E+2	0.00000000E+0
5.340E+2	0.00000000E+0
5.350E+2	0.00000000E+0
5.360E+2	0.00000000E+0
5.370E+2	0.00000000E+0
5.380E+2	0.00000000E+0
5.390E+2	0.00000000E+0
5.400E+2	0.00000000E+0
5.410E+2	0.00000000E+0
5.420E+2	0.00000000E+0
5.430E+2	0.00000000E+0
5.440E+2	0.00000000E+0
5.450E+2	0.00000000E+0
5.460E+2	0.00000000E+0
5.470E+2	0.00000000E+0
5.480E+2	0.00000000E+0
5.490E+2	0.00000000E+0
5.500E+2	0.00000000E+0
5.510E+2	0.00000000E+0
5.520E+2	0.00000000E+0
5.530E+2	0.00000000E+0
5.540E+2	0.00000000E+0
5.550E+2	0.00000000E+0
5.560E+2	0.00000000E+0
5.570E+2	0.00000000E+0
5.580E+2	0.00000000E+0
5.590E+2	0.00000000E+0
5.600E+2	0.00000000E+0
5.610E+2	0.00000000E+0
5.620E+2	0.00000000E+0
5.630E+2	0.00000000E+0
5.640E+2	0.00000000E+0
5.650E+2	0.00000000E+0
5.660E+2	0.00000000E+0
5.670E+2	0.00000000E+0
5.680E+2	0.00000000E+0
5.690E+2	0.00000000E+0
5.700E+2	0.00000000E+0
5.710E+2	0.00000000E+0
5.720E+2	0.00000000E+0
5.730E+2	0.00000000E+0
5.740E+2	0.00000000E+0
5.750E+2	0.00000000E+0
5.760E+2	0.00000000E+0
5.770E+2	0.00000000E+0
5.780E+2	0.00000000E+0
5.790E+2	0.00000000E+0
5.800E+2	0.00000000E+0
5.810E+2	0.00000000E+0
5.820E+2	0.00000000E+0
5.830E+2	0.00000000E+0
5.840E+2	0.00000000E+0
5.850E+2	0.00000000E+0
5.860E+2	0.00000000E+0
5.870E+2	0.00000000E+0
5.880E+2	0.00000000E+0
5.890E+2	0.00000000E+0
5.900E+2	0.00000000E+0
5.910E+2	0.00000000E+0
5.920E+2	0.00000000E+0
5.930E+2	0.00000000E+0
5.940E+2	0.00000000E+0
5.950E+2	0.00000000E+0
5.960E+2	0.00000000E+0
5.970E+2	0.00000000E+0
5.980E+2	0.00000000E+0
5.990E+2	0.00000000E+0
6.000E+2	0.00000000E+0
6.010E+2	0.00000000E+0
6.020E+2	0.00000000E+0
6.030E+2	0.00000000E+0
6.040E+2	0.00000000E+0
6.050E+2	0.00000000E+0
6.060E+2	0.00000000E+0
6.070E+2	0.00000000E+0
6.080E+2	0.00000000E+0
6.090E+2	0.00000000E+0
6.100E+2	0.00000000E+0
6.110E+2	0.00000000E+0
6.120E+2	0.00000000E+0
6.130E+2	0.00000000E+0
6.140E+2	0.00000000E+0
6.150E+2	0.00000000E+0
6.160E+2	0.00000000E+0
6.170E+2	0.00000000E+0
6.180E+2	0.00000000E+0
6.190E+2	0.00000000E+0
6.200E+2	0.00000000E+0
6.210E+2	0.00000000E+0
6.220E+2	0.00000000E+0
6.230E+2	0.00000000E+0
6.240E+2	0.00000000E+0
6.250E+2	0.00000000E+0
6.260E+2	0.00000000E+0
6.270E+2	0.00000000E+0
6.280E+2	0.00000000E+0
6.290E+2	0.00000000E+0
6.300E+2	0.00000000E+0
6.310E+2	0.00000000E+0
6.320E+2	0.00000000E+0
6.330E+2	0.00000000E+0
6.340E+2	0.00000000E+0
6.350E+2	0.00000000E+0
6.360E+2	0.00000000E+0
6.370E+2	0.00000000E+0
6.380E+2	0.00000000E+0
6.390E+2	0.00000000E+0
6.400E+2	0.00000000E+0
6.410E+2	0.00000000E+0
6.420E+2	0.00000000E+0
6.430E+2	0.00000000E+0
6.440E+2	0.00000000E+0
6.450E+2	0.00000000E+0
6.460E+2	0.00000000E+0
6.470E+2	0.00000000E+0
6.480E+2	0.00000000E+0
6.490E+2	0.00000000E+0
6.500E+2	0.00000000E+0
6.510E+2	0.00000000E+0
6.520E+2	0.00000000E+0
6.530E+2	0.00000000E+0
6.540E+2	0.00000000E+0
6.550E+2	0.00000000E+0
6.560E+2	0.00000000E+0
6.570E+2	0.00000000E+0
6.580E+2	0.00000000E+0
6.590E+2	0.00000000E+0
6.600E+2	0.00000000E+0
6.610E+2	0.00000000E+0
6.620E+2	0.00000000E+0
6.630E+2	0.00000000E+0
6.640E+2	0.00000000E+0
6.650E+2	0.00000000E+0
6.660E+2	0.00000000E+0
6.670E+2	0.00000000E+0
6.680E+2	0.00000000E+0
6.690E+2	0.00000000E+0
6.700E+2	0.00000000E+0
6.710E+2	0.00000000E+0
6.720E+2	0.00000000E+0
6.730E+2	0.00000000E+0
6.740E+2	0.00000000E+0
6.750E+2	0.00000000E+0
6.760E+2	0.00000000E+0
6.770E+2	0.00000000E+0
6.780E+2	0.00000000E+0
6.790E+2	0.00000000E+0
6.800E+2	0.00000000E+0
6.810E+2	0.00000000E+0
6.820E+2	0.00000000E+0
6.830E+2	0.00000000E+0
6.840E+2	0.00000000E+0
6.850E+2	0.00000000E+0
6.860E+2	0.00000000E+0
6.870E+2	0.00000000E+0
6.880E+2	0.00000000E+0
6.890E+2	0.00000000E+0
6.900E+2	0.00000000E+0
6.910E+2	0.00000000E+0
6.920E+2	0.00000000E+0
6.930E+2	0.00000000E+0
6.940E+2	0.00000000E+0
6.950E+2	0.00000000E+0
6.960E+2	0.00000000E+0
6.970E+2	0.00000000E+0
6.980E+2	0.00000000E+0
6.990E+2	0.00000000E+0
7.000E+2	0.00000000E+0
7.010E+2	0.00000000E+0
7.020E+2	0.00000000E+0
7.030E+2	0.00000000E+0
7.040E+2	0.00000000E+0
7.050E+2	0.00000000E+0
7.060E+2	0.00000000E+0
7.070E+2	0.00000000E+0
7.080E+2	0.00000000E+0
7.090E+2	0.00000000E+0
7.100E+2	0.00000000E+0
7.110E+2	0.00000000E+0
7.120E+2	0.00000000E+0
7.130E+2	0.00000000E+0
7.140E+2	0.00000000E+0
7.150E+2	0.00000000E+0
7.160E+2	0.00000000E+0
7.170E+2	0.00000000E+0
7.180E+2	0.00000000E+0
7.190E+2	0.00000000E+0
7.200E+2	0.00000000E+0
7.210E+2	0.00000000E+0
7.220E+2	0.00000000E+0
7.230E+2	0.00000000E+0
7.240E+2	0.00000000E+0
7.250E+2	0.00000000E+0
7.260E+2	0.00000000E+0
7.270E+2	0.00000000E+0
7.280E+2	0.00000000E+0
7.290E+2	0.00000000E+0
7.300E+2	0.00000000E+0
7.310E+2	0.00000000E+0
7.320E+2	0.00000000E+0
7.330E+2	0.00000000E+0
7.340E+2	0.00000000E+0
7.350E+2	0.00000000E+0
7.360E+2	0.00000000E+0
7.370E+2	0.00000000E+0
7.380E+2	0.00000000E+0
7.390E+2	0.00000000E+0
7.400E+2	0.00000000E+0
7.410E+2	0.00000000E+0
7.420E+2	0.00000000E+0
7.430E+2	0.00000000E+0
7.440E+2	0.00000000E+0
7.450E+2	0.00000000E+0
7.460E+2	0.00000000E+0
7.470E+2	0.00000000E+0
7.480E+2	0.00000000E+0
7.490E+2	0.00000000E+0
7.500E+2	0.00000000E+0
7.510E+2	0.00000000E+0
7.520E+2	0.00000000E+0
7.530E+2	0.00000000E+0
7.540E+2	0.00000000E+0
7.550E+2	0.00000000E+0
7.560E+2	0.00000000E+0
7.570E+2	0.00000000E+0
7.580E+2	0.00000000E+0
7.590E+2	0.00000000E+0
7.600E+2	0.00000000E+0
7.610E+2	0.00000000E+0
7.620E+2	0.00000000E+0
7.630E+2	0.00000000E+0
7.640E+2	0.00000000E+0
7.650E+2	0.00000000E+0
7.660E+2	0.00000000E+0
7.670E+2	0.00000000E+0
7.680E+2	0.00000000E+0
7.690E+2	0.00000000E+0
7.700E+2	0.00000000E+0
7.710E+2	0.00000000E+0
7.720E+2	0.00000000E+0
7.730E+2	0.00000000E+0
7.740E+2	0.00000000E+0
7.750E+2	0.00000000E+0
7.760E+2	0.00000000E+0
7.770E+2	0.00000000E+0
7.780E+2	0.00000000E+0
7.790E+2	0.00000000E+0
7.800E+2	0.00000000E+0
7.810E+2	0.00000000E+0
7.820E+2	0.00000000E+0
7.830E+2	0.00000000E+0
7.840E+2	0.00000000E+0
7.850E+2	0.00000000E+0
7.860E+2	0.00000000E+0
7.870E+2	0.00000000E+0
7.880E+2	0.00000000E+0
7.890E+2	0.00000000E+0
7.900E+2	0.00000000E+0
7.910E+2	0.00000000E+0
7.920E+2	0.00000000E+0
7.930E+2	0.00000000E+0
7.940E+2	0.00000000E+0
7.950E+2	0.00000000E+0
7.960E+2	0.00000000E+0
7.970E+2	0.00000000E+0
7.980E+2	0.00000000E+0
7.990E+2	0.00000000E+0
8.000E+2	0.00000000E+0
8.010E+2	0.00000000E+0
8.020E+2	0.00000000E+0
8.030E+2	0.00000000E+0
8.040E+2	0.00000000E+0
8.050E+2	0.00000000E+0
8.060E+2	0.00000000E+0
8.070E+2	0.00000000E+0
8.080E+2	0.00000000E+0
8.090E+2	0.00000000E+0
8.100E+2	0.00000000E+0
8.110E+2	0.00000000E+0
8.120E+2	0.00000000E+0
8.130E+2	0.00000000E+0
8.140E+2	0.00000000E+0
8.150E+2	0.00000000E+0
8.160E+2	0.00000000E+0
8.170E+2	0.00000000E+0
8.180E+2	0.00000000E+0
8.190E+2	0.00000000E+0
8.200E+2	0.00000000E+0
8.210E+2	0.00000000E+0
8.220E+2	0.00000000E+0
8.230E+2	0.00000000E+0
8.240E+2	0.00000000E+0
8.250E+2	0.00000000E+0
8.260E+2	0.00000000E+0
8.270E+2	0.00000000E+0
8.280E+2	0.00000000E+0
8.290E+2	0.00000000E+0
8.300E+2	0.00000000E+0
8.310E+2	0.00000000E+0
8.320E+2	0.00000000E+0
8.330E+2	0.00000000E+0
8.340E+2	0.00000000E+0
8.350E+2	0.00000000E+0
8.360E+2	0.00000000E+0
8.370E+2	0.00000000E+0
8.380E+2	0.00000000E+0
8.390E+2	0.00000000E+0
8.400E+2	0.00000000E+0
8.410E+2	0.00000000E+0
8.420E+2	0.00000000E+0
8.430E+2	0.00000000E+0
8.440E+2	0.00000000E+0
8.450E+2	0.00000000E+0
8.460E+2	0.00000000E+0
8.470E+2	0.00000000E+0
8.480E+2	0.00000000E+0
8.490E+2	0.00000000E+0
8.500E+2	0.00000000E+0
8.510E+2	0.00000000E+0
8.520E+2	0.00000000E+0
8.530E+2	0.00000000E+0
8.540E+2	0.00000000E+0
8.550E+2	0.00000000E+0
8.560E+2	0.00000000E+0
8.570E+2	0.00000000E+0
8.580E+2	0.00000000E+0
8.590E+2	0.00000000E+0
8.600E+2	0.00000000E+0
8.610E+2	0.00000000E+0
8.620E+2	0.00000000E+0
8.630E+2	0.00000000E+0
8.640E+2	0.00000000E+0
8.650E+2	0.00000000E+0
8.660E+2	0.00000000E+0
8.670E+2	0.00000000E+0
8.680E+2	0.00000000E+0
8.690E+2	0.00000000E+0
8.700E+2	0.00000000E+0
8.710E+2	0.00000000E+0
8.720E+2	0.00000000E+0
8.730E+2	0.00000000E+0
8.740E+2	0.00000000E+0
8.750E+2	0.00000000E+0
8.760E+2	0.00000000E+0
8.770E+2	0.00000000E+0
8.780E+2	0.00000000E+0
8.790E+2	0.00000000E+0
8.800E+2	0.00000000E+0
8.810E+2	0.00000000E+0
8.820E+2	0.00000000E+0
8.830E+2	0.00000000E+0
8.840E+2	0.00000000E+0
8.850E+2	0.00000000E+0
8.860E+2	0.00000000E+0
8.870E+2	0.00000000E+0
8.880E+2	0.00000000E+0
8.890E+2	0.00000000E+0
8.900E+2	0.00000000E+0
8.910E+2	0.00000000E+0
8.920E+2	0.00000000E+0
8.930E+2	0.00000000E+0
8.940E+2	0.00000000E+0
8.950E+2	0.00000000E+0
8.960E+2	0.00000000E+0
8.970E+2	0.00000000E+0
8.980E+2	0.00000000E+0
8.990E+2	0.00000000E+0
9.000E+2	0.00000000E+0
9.010E+2	0.00000000E+0
9.020E+2	0.00000000E+0
9.030E+2	0.00000000E+0
9.040E+2	0.00000000E+0
9.050E+2	0.00000000E+0
9.060E+2	0.00000000E+0
9.070E+2	0.00000000E+0
9.080E+2	0.00000000E+0
9.090E+2	0.00000000E+0
9.100E+2	0.00000000E+0
9.110E+2	0.00000000E+0
9.120E+2	0.00000000E+0
9.130E+2	0.00000000E+0
9.140E+2	0.00000000E+0
9.150E+2	0.00000000E+0
9.160E+2	0.00000000E+0
9.170E+2	0.00000000E+0
9.180E+2	0.00000000E+0
9.190E+2	0.00000000E+0
9.200E+2	0.00000000E+0
9.210E+2	0.00000000E+0
9.220E+2	0.00000000E+0
9.230E+2	0.00000000E+0
9.240E+2	0.00000000E+0
9.250E+2	0.00000000E+0
9.260E+2	0.00000000E+0
9.270E+2	0.00000000E+0
9.280E+2	0.00000000E+0
9.290E+2	0.00000000E+0
9.300E+2	0.00000000E+0
9.310E+2	0.00000000E+0
9.320E+2	0.00000000E+0
9.330E+2	0.00000000E+0
9.340E+2	0.00000000E+0
9.350E+2	0.00000000E+0
9.360E+2	0.00000000E+0
9.370E+2	0.00000000E+0
9.380E+2	0.00000000E+0
9.390E+2	0.00000000E+0
9.400E+2	0.00000000E+0
9.410E+2	0.00000000E+0
9.420E+2	0.00000000E+0
9.430E+2	0.00000000E+0
9.440E+2	0.00000000E+0
9.450E+2	0.00000000E+0
9.460E+2	0.00000000E+0
9.470E+2	0.00000000E+0
9.480E+2	0.00000000E+0
9.490E+2	0.00000000E+0
9.500E+2	0.00000000E+0
9.510E+2	0.00000000E+0
9.520E+2	0.00000000E+0
9.530E+2	0.00000000E+0
9.540E+2	0.00000000E+0
9.550E+2	0.00000000E+0
9.560E+2	0.00000000E+0
9.570E+2	0.00000000E+0
9.580E+2	0.00000000E+0
9.590E+2	0.00000000E+0
9.600E+2	0.00000000E+0
9.610E+2	0.00000000E+0
9.620E+2	0.00000000E+0
9.630E+2	0.00000000E+0
9.640E+2	0.00000000E+0
9.650E+2	0.00000000E+0
9.660E+2	0.00000000E+0
9.670E+2	0.00000000E+0
9.680E+2	0.00000000E+0
9.690E+2	0.00000000E+0
9.700E+2	0.00000000E+0
9.710E+2	0.00000000E+0
9.720E+2	0.00000000E+0
9.730E+2	0.00000000E+0
9.740E+2	0.00000000E+0
9.750E+2	0.00000000E+0
9.760E+2	0.00000000E+0
9.770E+2	0.00000000E+0
9.780E+2	0.00000000E+0
9.790E+2	0.00000000E+0
9.800E+2	0.00000000E+0
9.810E+2	0.00000000E+0
9.820E+2	0.00000000E+0
9.830E+2	0.00000000E+0
9.840E+2	0.00000000E+0
9.850E+2	0.00000000E+0
9.860E+2	0.00000000E+0
9.870E+2	0.00000000E+0
9.880E+2	0.00000000E+0
9.890E+2	0.00000000E+0
9.900E+2	0.00000000E+0
9.910E+2	0.00000000E+0
9.920E+2	0.00000000E+0
9.930E+2	0.00000000E+0
9.940E+2	0.00000000E+0
9.950E+2	0.00000000E+0
9.960E+2	0.00000000E+0
9.970E+2	0.00000000E+0
9.980E+2	0.00000000E+0
9.990E+2	0.00000000E+0
1.000E+3	0.00000000E+0
1.001E+3	0.00000000E+0
1.002E+3	0.00000000E+0
1.003E+3	0.00000000E+0
1.004E+3	0.00000000E+0
1.005E+3	0.00000000E+0
1.006E+3	0.00000000E+0
1.007E+3	0.00000000E+0
1.008E+3	0.00000000E+0
1.009E+3	0.00000000E+0
1.010E+3	0.00000000E+0
1.011E+3	0.00000000E+0
1.012E+3	0.00000000E+0
1.013E+3	0.00000000E+0
1.014E+3	0.00000000E+0
1.015E+3	0.00000000E+0
1.016E+3	0.00000000E+0
1.017E+3	0.00000000E+0
1.018E+3	0.00000000E+0
1.019E+3	0.00000000E+0
