WAVELENGTH (nm)	SPECTRAL IRRADIANCE (W.m-2.nm-1)
3.410E+2	0.00000000E+0
3.420E+2	0.00000000E+0
3.430E+2	0.00000000E+0
3.440E+2	0.00000000E+0
3.450E+2	0.00000000E+0
3.460E+2	0.00000000E+0
3.470E+2	0.00000000E+0
3.480E+2	0.00000000E+0
3.490E+2	1.81362623E-6
3.500E+2	5.72231399E-6
3.510E+2	6.02061340E-6
3.520E+2	9.24392128E-6
3.530E+2	1.29787131E-5
3.540E+2	2.83610522E-6
3.550E+2	4.29485169E-6
3.560E+2	1.60666709E-5
3.570E+2	7.33167661E-6
3.580E+2	7.18668183E-6
3.590E+2	4.75800399E-7
3.600E+2	9.35775410E-7
3.610E+2	5.88105669E-7
3.620E+2	4.97369366E-7
3.630E+2	6.62332242E-6
3.640E+2	4.06333663E-6
3.650E+2	6.28298491E-6
3.660E+2	4.08771629E-6
3.670E+2	8.11744688E-6
3.680E+2	1.01872122E-5
3.690E+2	7.00337616E-6
3.700E+2	6.32222642E-6
3.710E+2	1.90038621E-7
3.720E+2	0.00000000E+0
3.730E+2	1.07767232E-5
3.740E+2	6.08623683E-6
3.750E+2	7.94660600E-6
3.760E+2	1.97053588E-6
3.770E+2	4.26448405E-6
3.780E+2	3.11802933E-6
3.790E+2	1.26334263E-6
3.800E+2	1.24541534E-5
3.810E+2	1.24025223E-5
3.820E+2	8.06508256E-6
3.830E+2	5.15217227E-6
3.840E+2	1.67614698E-6
3.850E+2	1.63362007E-6
3.860E+2	1.86256884E-6
3.870E+2	9.12185381E-7
3.880E+2	8.60840055E-6
3.890E+2	1.06595298E-5
3.900E+2	5.27260409E-6
3.910E+2	9.91207042E-6
3.920E+2	1.24417497E-5
3.930E+2	1.11441900E-5
3.940E+2	7.11144190E-6
3.950E+2	4.21224193E-6
3.960E+2	7.03123862E-6
3.970E+2	8.18221488E-6
3.980E+2	1.05411755E-5
3.990E+2	1.45145090E-5
4.000E+2	1.03313516E-5
4.010E+2	3.14555573E-5
4.020E+2	2.14705312E-5
4.030E+2	1.73291064E-5
4.040E+2	3.43395053E-5
4.050E+2	3.85201622E-5
4.060E+2	3.71589908E-5
4.070E+2	5.46865796E-5
4.080E+2	4.89991266E-5
4.090E+2	7.30094236E-5
4.100E+2	6.59684016E-5
4.110E+2	7.06910041E-5
4.120E+2	8.46731018E-5
4.130E+2	9.46977219E-5
4.140E+2	1.09492933E-4
4.150E+2	1.16864107E-4
4.160E+2	1.29724170E-4
4.170E+2	1.43891096E-4
4.180E+2	1.55253114E-4
4.190E+2	1.62846410E-4
4.200E+2	1.56891561E-4
4.210E+2	1.60778130E-4
4.220E+2	1.69977967E-4
4.230E+2	1.69051631E-4
4.240E+2	1.68147751E-4
4.250E+2	1.45333225E-4
4.260E+2	1.40610559E-4
4.270E+2	1.30608056E-4
4.280E+2	1.30132356E-4
4.290E+2	1.32881349E-4
4.300E+2	1.08331405E-4
4.310E+2	1.18905611E-4
4.320E+2	9.90506674E-5
4.330E+2	9.77988236E-5
4.340E+2	9.87789661E-5
4.350E+2	9.47915180E-5
4.360E+2	9.65743912E-5
4.370E+2	7.56176798E-5
4.380E+2	8.13046769E-5
4.390E+2	8.40813347E-5
4.400E+2	8.14494884E-5
4.410E+2	8.52112238E-5
4.420E+2	7.68150700E-5
4.430E+2	6.39140175E-5
4.440E+2	5.64289070E-5
4.450E+2	5.58036513E-5
4.460E+2	4.97602963E-5
4.470E+2	4.98703220E-5
4.480E+2	4.32895265E-5
4.490E+2	3.74730145E-5
4.500E+2	3.66690148E-5
4.510E+2	4.55280505E-5
4.520E+2	3.55809405E-5
4.530E+2	2.71170836E-5
4.540E+2	3.25870232E-5
4.550E+2	2.47491833E-5
4.560E+2	2.74164499E-5
4.570E+2	2.18361038E-5
4.580E+2	2.29517162E-5
4.590E+2	2.40951205E-5
4.600E+2	1.86793688E-5
4.610E+2	3.27233181E-5
4.620E+2	3.78947797E-5
4.630E+2	4.06977701E-5
4.640E+2	2.80960839E-5
4.650E+2	2.33474660E-5
4.660E+2	3.00156326E-5
4.670E+2	3.31588523E-5
4.680E+2	3.48457861E-5
4.690E+2	3.56359534E-5
4.700E+2	4.62771644E-5
4.710E+2	3.89883007E-5
4.720E+2	5.22106841E-5
4.730E+2	5.53545384E-5
4.740E+2	6.02530297E-5
4.750E+2	7.05542651E-5
4.760E+2	7.56988231E-5
4.770E+2	9.56427286E-5
4.780E+2	1.06427085E-4
4.790E+2	1.27302209E-4
4.800E+2	1.49292818E-4
4.810E+2	1.86810756E-4
4.820E+2	2.05931053E-4
4.830E+2	2.48375973E-4
4.840E+2	2.99365841E-4
4.850E+2	3.45512739E-4
4.860E+2	4.05838357E-4
4.870E+2	4.95027702E-4
4.880E+2	5.21541514E-4
4.890E+2	6.09175367E-4
4.900E+2	7.46648544E-4
4.910E+2	9.30980009E-4
4.920E+2	1.15231488E-3
4.930E+2	1.29588070E-3
4.940E+2	1.55704334E-3
4.950E+2	1.75008493E-3
4.960E+2	1.95891379E-3
4.970E+2	2.18342510E-3
4.980E+2	2.51200054E-3
4.990E+2	2.82170271E-3
5.000E+2	3.28662147E-3
5.010E+2	3.57161909E-3
5.020E+2	4.11840507E-3
5.030E+2	4.39585422E-3
5.040E+2	4.84308064E-3
5.050E+2	5.33069830E-3
5.060E+2	5.78048285E-3
5.070E+2	6.17684212E-3
5.080E+2	6.77161122E-3
5.090E+2	7.05224490E-3
5.100E+2	7.50491461E-3
5.110E+2	7.77542301E-3
5.120E+2	8.12926964E-3
5.130E+2	8.46192899E-3
5.140E+2	8.63595171E-3
5.150E+2	8.85693355E-3
5.160E+2	9.01798003E-3
5.170E+2	9.11379179E-3
5.180E+2	9.21828302E-3
5.190E+2	9.37544758E-3
5.200E+2	9.42584516E-3
5.210E+2	9.54855828E-3
5.220E+2	9.58327431E-3
5.230E+2	9.63793833E-3
5.240E+2	9.71291912E-3
5.250E+2	9.71256541E-3
5.260E+2	9.68165660E-3
5.270E+2	9.75223558E-3
5.280E+2	9.76391186E-3
5.290E+2	9.70902781E-3
5.300E+2	9.78294768E-3
5.310E+2	9.74303670E-3
5.320E+2	9.76723862E-3
5.330E+2	9.75994982E-3
5.340E+2	9.70273032E-3
5.350E+2	9.74524480E-3
5.360E+2	9.68021353E-3
5.370E+2	9.67589606E-3
5.380E+2	9.68635509E-3
5.390E+2	9.67913233E-3
5.400E+2	9.69030387E-3
5.410E+2	9.66621539E-3
5.420E+2	9.67439571E-3
5.430E+2	9.67595341E-3
5.440E+2	9.59874935E-3
5.450E+2	9.59896184E-3
5.460E+2	9.64708079E-3
5.470E+2	9.62648959E-3
5.480E+2	9.63390528E-3
5.490E+2	9.60666926E-3
5.500E+2	9.66802702E-3
5.510E+2	9.62436636E-3
5.520E+2	9.62847028E-3
5.530E+2	9.65988978E-3
5.540E+2	9.58990405E-3
5.550E+2	9.56904308E-3
5.560E+2	9.63532031E-3
5.570E+2	9.56815089E-3
5.580E+2	9.64744934E-3
5.590E+2	9.65233175E-3
5.600E+2	9.55050272E-3
5.610E+2	9.54056470E-3
5.620E+2	9.51442748E-3
5.630E+2	9.48786233E-3
5.640E+2	9.43220039E-3
5.650E+2	9.43008438E-3
5.660E+2	9.35961016E-3
5.670E+2	9.34419872E-3
5.680E+2	9.34261337E-3
5.690E+2	9.27988879E-3
5.700E+2	9.10563253E-3
5.710E+2	9.13792184E-3
5.720E+2	9.02261897E-3
5.730E+2	8.93689533E-3
5.740E+2	8.81608790E-3
5.750E+2	8.77720004E-3
5.760E+2	8.72194420E-3
5.770E+2	8.59961246E-3
5.780E+2	8.49973099E-3
5.790E+2	8.43507207E-3
5.800E+2	8.29096471E-3
5.810E+2	8.28483159E-3
5.820E+2	8.18997032E-3
5.830E+2	8.13974193E-3
5.840E+2	8.05316927E-3
5.850E+2	7.90093867E-3
5.860E+2	7.69401512E-3
5.870E+2	7.59183298E-3
5.880E+2	7.54475991E-3
5.890E+2	7.48236085E-3
5.900E+2	7.34895710E-3
5.910E+2	7.32111881E-3
5.920E+2	7.13281200E-3
5.930E+2	7.12897874E-3
5.940E+2	6.92045428E-3
5.950E+2	6.79613839E-3
5.960E+2	6.79625717E-3
5.970E+2	6.50860933E-3
5.980E+2	6.43469733E-3
5.990E+2	6.27728250E-3
6.000E+2	6.22360029E-3
6.010E+2	6.10554260E-3
6.020E+2	6.06623613E-3
6.030E+2	5.94089951E-3
6.040E+2	5.88484860E-3
6.050E+2	5.68152030E-3
6.060E+2	5.57581670E-3
6.070E+2	5.53778121E-3
6.080E+2	5.36118218E-3
6.090E+2	5.24847538E-3
6.100E+2	5.13333775E-3
6.110E+2	4.94572463E-3
6.120E+2	4.73844552E-3
6.130E+2	4.60552770E-3
6.140E+2	4.41113383E-3
6.150E+2	4.35021802E-3
6.160E+2	4.20634736E-3
6.170E+2	4.06268148E-3
6.180E+2	4.03334416E-3
6.190E+2	3.76467754E-3
6.200E+2	3.58198879E-3
6.210E+2	3.46266396E-3
6.220E+2	3.41820000E-3
6.230E+2	3.30606925E-3
6.240E+2	3.19278882E-3
6.250E+2	3.14574501E-3
6.260E+2	2.98915071E-3
6.270E+2	2.86784954E-3
6.280E+2	2.78235890E-3
6.290E+2	2.69071991E-3
6.300E+2	2.59259354E-3
6.310E+2	2.51487098E-3
6.320E+2	2.47261912E-3
6.330E+2	2.42415591E-3
6.340E+2	2.30131200E-3
6.350E+2	2.23858297E-3
6.360E+2	2.13960155E-3
6.370E+2	2.08462697E-3
6.380E+2	2.04996845E-3
6.390E+2	1.97576925E-3
6.400E+2	1.92876316E-3
6.410E+2	1.86979776E-3
6.420E+2	1.85435123E-3
6.430E+2	1.78759632E-3
6.440E+2	1.71326494E-3
6.450E+2	1.64247172E-3
6.460E+2	1.56385188E-3
6.470E+2	1.51351989E-3
6.480E+2	1.48985820E-3
6.490E+2	1.48301765E-3
6.500E+2	1.41962576E-3
6.510E+2	1.41941810E-3
6.520E+2	1.33846812E-3
6.530E+2	1.29233464E-3
6.540E+2	1.28057465E-3
6.550E+2	1.21635644E-3
6.560E+2	1.21157959E-3
6.570E+2	1.14099334E-3
6.580E+2	1.09136924E-3
6.590E+2	1.12683930E-3
6.600E+2	1.03458573E-3
6.610E+2	1.02089473E-3
6.620E+2	9.89839032E-4
6.630E+2	9.26363071E-4
6.640E+2	9.16671477E-4
6.650E+2	8.60013745E-4
6.660E+2	8.54753299E-4
6.670E+2	8.21848741E-4
6.680E+2	8.18218308E-4
6.690E+2	7.76482693E-4
6.700E+2	7.21716556E-4
6.710E+2	7.08087461E-4
6.720E+2	6.72213267E-4
6.730E+2	6.39586591E-4
6.740E+2	6.22001447E-4
6.750E+2	6.04849345E-4
6.760E+2	5.59653556E-4
6.770E+2	5.40915470E-4
6.780E+2	5.37082751E-4
6.790E+2	5.08857294E-4
6.800E+2	4.84596630E-4
6.810E+2	4.85997197E-4
6.820E+2	4.47169662E-4
6.830E+2	4.36185907E-4
6.840E+2	4.19894616E-4
6.850E+2	3.96572589E-4
6.860E+2	3.67544719E-4
6.870E+2	3.75313468E-4
6.880E+2	3.71574702E-4
6.890E+2	3.38532198E-4
6.900E+2	3.37454122E-4
6.910E+2	3.27179257E-4
6.920E+2	3.07441780E-4
6.930E+2	2.94504648E-4
6.940E+2	2.89797479E-4
6.950E+2	2.79890581E-4
6.960E+2	2.70444035E-4
6.970E+2	2.66044077E-4
6.980E+2	2.47477493E-4
6.990E+2	2.42538999E-4
7.000E+2	2.34861847E-4
7.010E+2	2.41800628E-4
7.020E+2	2.37790155E-4
7.030E+2	2.25711204E-4
7.040E+2	2.21192011E-4
7.050E+2	2.03356928E-4
7.060E+2	1.98450481E-4
7.070E+2	1.95343139E-4
7.080E+2	1.82389294E-4
7.090E+2	1.83012574E-4
7.100E+2	1.82821027E-4
7.110E+2	1.67894856E-4
7.120E+2	1.67497925E-4
7.130E+2	1.57191715E-4
7.140E+2	1.54063644E-4
7.150E+2	1.40988693E-4
7.160E+2	1.41346503E-4
7.170E+2	1.38346753E-4
7.180E+2	1.35024729E-4
7.190E+2	1.30163128E-4
7.200E+2	1.16446247E-4
7.210E+2	1.13245205E-4
7.220E+2	1.18794143E-4
7.230E+2	1.15094951E-4
7.240E+2	1.18439446E-4
7.250E+2	1.06780131E-4
7.260E+2	1.05950163E-4
7.270E+2	1.13025802E-4
7.280E+2	1.03756888E-4
7.290E+2	1.05225994E-4
7.300E+2	9.58125869E-5
7.310E+2	9.71501046E-5
7.320E+2	9.14121273E-5
7.330E+2	7.95203213E-5
7.340E+2	8.12404866E-5
7.350E+2	7.36498324E-5
7.360E+2	7.36496825E-5
7.370E+2	7.87640604E-5
7.380E+2	7.56761766E-5
7.390E+2	8.00503413E-5
7.400E+2	7.73166289E-5
7.410E+2	6.62520491E-5
7.420E+2	7.07876645E-5
7.430E+2	6.59462453E-5
7.440E+2	6.03499151E-5
7.450E+2	5.24695046E-5
7.460E+2	6.14911678E-5
7.470E+2	5.32251656E-5
7.480E+2	5.28383740E-5
7.490E+2	5.26784981E-5
7.500E+2	4.23176835E-5
7.510E+2	5.00080762E-5
7.520E+2	4.45721468E-5
7.530E+2	4.12922169E-5
7.540E+2	4.35751723E-5
7.550E+2	3.37332079E-5
7.560E+2	3.78658341E-5
7.570E+2	3.87824957E-5
7.580E+2	2.17518165E-5
7.590E+2	2.56593267E-5
7.600E+2	3.00175938E-5
7.610E+2	3.12240867E-5
7.620E+2	2.76055829E-5
7.630E+2	2.30861651E-5
7.640E+2	3.21250007E-5
7.650E+2	3.41346223E-5
7.660E+2	2.79298125E-5
7.670E+2	2.44076728E-5
7.680E+2	2.08015600E-5
7.690E+2	2.68822421E-5
7.700E+2	3.23177216E-5
7.710E+2	2.04486632E-5
7.720E+2	2.47588626E-5
7.730E+2	2.00939668E-5
7.740E+2	3.23598652E-5
7.750E+2	2.29734571E-5
7.760E+2	1.91128149E-5
7.770E+2	1.83928379E-5
7.780E+2	2.49970267E-5
7.790E+2	1.05740788E-5
7.800E+2	1.93545784E-5
7.810E+2	1.25678029E-5
7.820E+2	1.79723870E-5
7.830E+2	1.76013430E-5
7.840E+2	1.45171015E-5
7.850E+2	1.35321573E-5
7.860E+2	1.34685669E-5
7.870E+2	1.52083471E-5
7.880E+2	3.42331182E-6
7.890E+2	1.14004077E-5
7.900E+2	1.04912378E-5
7.910E+2	1.46695856E-5
7.920E+2	1.61862567E-5
7.930E+2	1.60673960E-5
7.940E+2	1.57843673E-5
7.950E+2	1.99933320E-5
7.960E+2	7.84574424E-6
7.970E+2	1.03221776E-5
7.980E+2	1.24448571E-5
7.990E+2	1.18558175E-5
8.000E+2	1.33039060E-5
8.010E+2	1.13500510E-5
8.020E+2	1.49895587E-5
8.030E+2	1.23955217E-5
8.040E+2	1.70610960E-5
8.050E+2	1.30181849E-5
8.060E+2	9.22776420E-6
8.070E+2	1.44838708E-5
8.080E+2	8.77172589E-6
8.090E+2	1.12993801E-5
8.100E+2	1.23104417E-5
8.110E+2	1.18050680E-5
8.120E+2	6.04350915E-6
8.130E+2	6.89711387E-6
8.140E+2	9.02460915E-6
8.150E+2	1.31692549E-5
8.160E+2	1.01711075E-5
8.170E+2	1.04408025E-5
8.180E+2	6.81622108E-6
8.190E+2	1.07268379E-5
8.200E+2	8.58718946E-6
8.210E+2	8.70202392E-6
8.220E+2	7.81133515E-6
8.230E+2	7.00319286E-6
8.240E+2	5.90693334E-6
8.250E+2	7.56872749E-6
8.260E+2	1.14844664E-5
8.270E+2	2.04946206E-6
8.280E+2	8.94989900E-6
8.290E+2	1.27350876E-5
8.300E+2	6.47180807E-6
8.310E+2	1.02552448E-5
8.320E+2	5.85323394E-6
8.330E+2	9.37339007E-6
8.340E+2	4.87996336E-6
8.350E+2	0.00000000E+0
8.360E+2	0.00000000E+0
8.370E+2	0.00000000E+0
8.380E+2	0.00000000E+0
8.390E+2	0.00000000E+0
8.400E+2	0.00000000E+0
8.410E+2	0.00000000E+0
8.420E+2	0.00000000E+0
8.430E+2	0.00000000E+0
8.440E+2	0.00000000E+0
8.450E+2	0.00000000E+0
8.460E+2	0.00000000E+0
8.470E+2	0.00000000E+0
8.480E+2	0.00000000E+0
8.490E+2	0.00000000E+0
8.500E+2	0.00000000E+0
8.510E+2	0.00000000E+0
8.520E+2	0.00000000E+0
8.530E+2	0.00000000E+0
8.540E+2	0.00000000E+0
8.550E+2	0.00000000E+0
8.560E+2	0.00000000E+0
8.570E+2	0.00000000E+0
8.580E+2	0.00000000E+0
8.590E+2	0.00000000E+0
8.600E+2	0.00000000E+0
8.610E+2	0.00000000E+0
8.620E+2	0.00000000E+0
8.630E+2	0.00000000E+0
8.640E+2	0.00000000E+0
8.650E+2	0.00000000E+0
8.660E+2	0.00000000E+0
8.670E+2	0.00000000E+0
8.680E+2	0.00000000E+0
8.690E+2	0.00000000E+0
8.700E+2	0.00000000E+0
8.710E+2	0.00000000E+0
8.720E+2	0.00000000E+0
8.730E+2	0.00000000E+0
8.740E+2	0.00000000E+0
8.750E+2	0.00000000E+0
8.760E+2	0.00000000E+0
8.770E+2	0.00000000E+0
8.780E+2	0.00000000E+0
8.790E+2	0.00000000E+0
8.800E+2	0.00000000E+0
8.810E+2	0.00000000E+0
8.820E+2	0.00000000E+0
8.830E+2	0.00000000E+0
8.840E+2	0.00000000E+0
8.850E+2	0.00000000E+0
8.860E+2	0.00000000E+0
8.870E+2	0.00000000E+0
8.880E+2	0.00000000E+0
8.890E+2	0.00000000E+0
8.900E+2	0.00000000E+0
8.910E+2	0.00000000E+0
8.920E+2	0.00000000E+0
8.930E+2	0.00000000E+0
8.940E+2	0.00000000E+0
8.950E+2	0.00000000E+0
8.960E+2	0.00000000E+0
8.970E+2	0.00000000E+0
8.980E+2	0.00000000E+0
8.990E+2	0.00000000E+0
9.000E+2	0.00000000E+0
9.010E+2	0.00000000E+0
9.020E+2	0.00000000E+0
9.030E+2	0.00000000E+0
9.040E+2	0.00000000E+0
9.050E+2	0.00000000E+0
9.060E+2	0.00000000E+0
9.070E+2	0.00000000E+0
9.080E+2	0.00000000E+0
9.090E+2	0.00000000E+0
9.100E+2	0.00000000E+0
9.110E+2	0.00000000E+0
9.120E+2	0.00000000E+0
9.130E+2	0.00000000E+0
9.140E+2	0.00000000E+0
9.150E+2	0.00000000E+0
9.160E+2	0.00000000E+0
9.170E+2	0.00000000E+0
9.180E+2	0.00000000E+0
9.190E+2	0.00000000E+0
9.200E+2	0.00000000E+0
9.210E+2	0.00000000E+0
9.220E+2	0.00000000E+0
9.230E+2	0.00000000E+0
9.240E+2	0.00000000E+0
9.250E+2	0.00000000E+0
9.260E+2	0.00000000E+0
9.270E+2	0.00000000E+0
9.280E+2	0.00000000E+0
9.290E+2	0.00000000E+0
9.300E+2	0.00000000E+0
9.310E+2	0.00000000E+0
9.320E+2	0.00000000E+0
9.330E+2	0.00000000E+0
9.340E+2	0.00000000E+0
9.350E+2	0.00000000E+0
9.360E+2	0.00000000E+0
9.370E+2	0.00000000E+0
9.380E+2	0.00000000E+0
9.390E+2	0.00000000E+0
9.400E+2	0.00000000E+0
9.410E+2	0.00000000E+0
9.420E+2	0.00000000E+0
9.430E+2	0.00000000E+0
9.440E+2	0.00000000E+0
9.450E+2	0.00000000E+0
9.460E+2	0.00000000E+0
9.470E+2	0.00000000E+0
9.480E+2	0.00000000E+0
9.490E+2	0.00000000E+0
9.500E+2	0.00000000E+0
9.510E+2	0.00000000E+0
9.520E+2	0.00000000E+0
9.530E+2	0.00000000E+0
9.540E+2	0.00000000E+0
9.550E+2	0.00000000E+0
9.560E+2	0.00000000E+0
9.570E+2	0.00000000E+0
9.580E+2	0.00000000E+0
9.590E+2	0.00000000E+0
9.600E+2	0.00000000E+0
9.610E+2	0.00000000E+0
9.620E+2	0.00000000E+0
9.630E+2	0.00000000E+0
9.640E+2	0.00000000E+0
9.650E+2	0.00000000E+0
9.660E+2	0.00000000E+0
9.670E+2	0.00000000E+0
9.680E+2	0.00000000E+0
9.690E+2	0.00000000E+0
9.700E+2	0.00000000E+0
9.710E+2	0.00000000E+0
9.720E+2	0.00000000E+0
9.730E+2	0.00000000E+0
9.740E+2	0.00000000E+0
9.750E+2	0.00000000E+0
9.760E+2	0.00000000E+0
9.770E+2	0.00000000E+0
9.780E+2	0.00000000E+0
9.790E+2	0.00000000E+0
9.800E+2	0.00000000E+0
9.810E+2	0.00000000E+0
9.820E+2	0.00000000E+0
9.830E+2	0.00000000E+0
9.840E+2	0.00000000E+0
9.850E+2	0.00000000E+0
9.860E+2	0.00000000E+0
9.870E+2	0.00000000E+0
9.880E+2	0.00000000E+0
9.890E+2	0.00000000E+0
9.900E+2	0.00000000E+0
9.910E+2	0.00000000E+0
9.920E+2	0.00000000E+0
9.930E+2	0.00000000E+0
9.940E+2	0.00000000E+0
9.950E+2	0.00000000E+0
9.960E+2	0.00000000E+0
9.970E+2	0.00000000E+0
9.980E+2	0.00000000E+0
9.990E+2	0.00000000E+0
1.000E+3	0.00000000E+0
1.001E+3	0.00000000E+0
1.002E+3	0.00000000E+0
1.003E+3	0.00000000E+0
1.004E+3	0.00000000E+0
1.005E+3	0.00000000E+0
1.006E+3	0.00000000E+0
1.007E+3	0.00000000E+0
1.008E+3	0.00000000E+0
1.009E+3	0.00000000E+0
1.010E+3	0.00000000E+0
1.011E+3	0.00000000E+0
1.012E+3	0.00000000E+0
1.013E+3	0.00000000E+0
1.014E+3	0.00000000E+0
1.015E+3	0.00000000E+0
1.016E+3	0.00000000E+0
1.017E+3	0.00000000E+0
1.018E+3	0.00000000E+0
1.019E+3	0.00000000E+0
