WAVELENGTH (nm)	SPECTRAL IRRADIANCE (W.m-2.nm-1)
3.410E+2	0.00000000E+0
3.420E+2	0.00000000E+0
3.430E+2	0.00000000E+0
3.440E+2	0.00000000E+0
3.450E+2	0.00000000E+0
3.460E+2	0.00000000E+0
3.470E+2	0.00000000E+0
3.480E+2	0.00000000E+0
3.490E+2	0.00000000E+0
3.500E+2	0.00000000E+0
3.510E+2	0.00000000E+0
3.520E+2	0.00000000E+0
3.530E+2	0.00000000E+0
3.540E+2	0.00000000E+0
3.550E+2	0.00000000E+0
3.560E+2	0.00000000E+0
3.570E+2	0.00000000E+0
3.580E+2	0.00000000E+0
3.590E+2	0.00000000E+0
3.600E+2	0.00000000E+0
3.610E+2	0.00000000E+0
3.620E+2	0.00000000E+0
3.630E+2	0.00000000E+0
3.640E+2	0.00000000E+0
3.650E+2	0.00000000E+0
3.660E+2	0.00000000E+0
3.670E+2	0.00000000E+0
3.680E+2	0.00000000E+0
3.690E+2	0.00000000E+0
3.700E+2	0.00000000E+0
3.710E+2	0.00000000E+0
3.720E+2	0.00000000E+0
3.730E+2	0.00000000E+0
3.740E+2	0.00000000E+0
3.750E+2	0.00000000E+0
3.760E+2	0.00000000E+0
3.770E+2	0.00000000E+0
3.780E+2	0.00000000E+0
3.790E+2	0.00000000E+0
3.800E+2	0.00000000E+0
3.810E+2	0.00000000E+0
3.820E+2	0.00000000E+0
3.830E+2	0.00000000E+0
3.840E+2	0.00000000E+0
3.850E+2	0.00000000E+0
3.860E+2	0.00000000E+0
3.870E+2	0.00000000E+0
3.880E+2	0.00000000E+0
3.890E+2	0.00000000E+0
3.900E+2	0.00000000E+0
3.910E+2	0.00000000E+0
3.920E+2	0.00000000E+0
3.930E+2	0.00000000E+0
3.940E+2	0.00000000E+0
3.950E+2	0.00000000E+0
3.960E+2	0.00000000E+0
3.970E+2	0.00000000E+0
3.980E+2	0.00000000E+0
3.990E+2	0.00000000E+0
4.000E+2	0.00000000E+0
4.010E+2	0.00000000E+0
4.020E+2	0.00000000E+0
4.030E+2	0.00000000E+0
4.040E+2	0.00000000E+0
4.050E+2	0.00000000E+0
4.060E+2	0.00000000E+0
4.070E+2	0.00000000E+0
4.080E+2	0.00000000E+0
4.090E+2	0.00000000E+0
4.100E+2	0.00000000E+0
4.110E+2	0.00000000E+0
4.120E+2	0.00000000E+0
4.130E+2	0.00000000E+0
4.140E+2	0.00000000E+0
4.150E+2	0.00000000E+0
4.160E+2	0.00000000E+0
4.170E+2	0.00000000E+0
4.180E+2	0.00000000E+0
4.190E+2	0.00000000E+0
4.200E+2	0.00000000E+0
4.210E+2	0.00000000E+0
4.220E+2	0.00000000E+0
4.230E+2	0.00000000E+0
4.240E+2	0.00000000E+0
4.250E+2	0.00000000E+0
4.260E+2	0.00000000E+0
4.270E+2	0.00000000E+0
4.280E+2	0.00000000E+0
4.290E+2	0.00000000E+0
4.300E+2	0.00000000E+0
4.310E+2	0.00000000E+0
4.320E+2	0.00000000E+0
4.330E+2	0.00000000E+0
4.340E+2	0.00000000E+0
4.350E+2	0.00000000E+0
4.360E+2	0.00000000E+0
4.370E+2	0.00000000E+0
4.380E+2	0.00000000E+0
4.390E+2	0.00000000E+0
4.400E+2	0.00000000E+0
4.410E+2	0.00000000E+0
4.420E+2	0.00000000E+0
4.430E+2	0.00000000E+0
4.440E+2	0.00000000E+0
4.450E+2	0.00000000E+0
4.460E+2	0.00000000E+0
4.470E+2	0.00000000E+0
4.480E+2	0.00000000E+0
4.490E+2	0.00000000E+0
4.500E+2	0.00000000E+0
4.510E+2	0.00000000E+0
4.520E+2	0.00000000E+0
4.530E+2	0.00000000E+0
4.540E+2	0.00000000E+0
4.550E+2	0.00000000E+0
4.560E+2	0.00000000E+0
4.570E+2	0.00000000E+0
4.580E+2	0.00000000E+0
4.590E+2	0.00000000E+0
4.600E+2	0.00000000E+0
4.610E+2	0.00000000E+0
4.620E+2	0.00000000E+0
4.630E+2	0.00000000E+0
4.640E+2	0.00000000E+0
4.650E+2	0.00000000E+0
4.660E+2	0.00000000E+0
4.670E+2	0.00000000E+0
4.680E+2	0.00000000E+0
4.690E+2	0.00000000E+0
4.700E+2	0.00000000E+0
4.710E+2	0.00000000E+0
4.720E+2	0.00000000E+0
4.730E+2	0.00000000E+0
4.740E+2	0.00000000E+0
4.750E+2	0.00000000E+0
4.760E+2	0.00000000E+0
4.770E+2	0.00000000E+0
4.780E+2	0.00000000E+0
4.790E+2	0.00000000E+0
4.800E+2	0.00000000E+0
4.810E+2	0.00000000E+0
4.820E+2	0.00000000E+0
4.830E+2	0.00000000E+0
4.840E+2	0.00000000E+0
4.850E+2	0.00000000E+0
4.860E+2	0.00000000E+0
4.870E+2	0.00000000E+0
4.880E+2	0.00000000E+0
4.890E+2	0.00000000E+0
4.900E+2	0.00000000E+0
4.910E+2	0.00000000E+0
4.920E+2	0.00000000E+0
4.930E+2	0.00000000E+0
4.940E+2	0.00000000E+0
4.950E+2	0.00000000E+0
4.960E+2	0.00000000E+0
4.970E+2	0.00000000E+0
4.980E+2	0.00000000E+0
4.990E+2	0.00000000E+0
5.000E+2	0.00000000E+0
5.010E+2	0.00000000E+0
5.020E+2	0.00000000E+0
5.030E+2	0.00000000E+0
5.040E+2	0.00000000E+0
5.050E+2	0.00000000E+0
5.060E+2	0.00000000E+0
5.070E+2	0.00000000E+0
5.080E+2	0.00000000E+0
5.090E+2	0.00000000E+0
5.100E+2	0.00000000E+0
5.110E+2	0.00000000E+0
5.120E+2	0.00000000E+0
5.130E+2	0.00000000E+0
5.140E+2	0.00000000E+0
5.150E+2	0.00000000E+0
5.160E+2	0.00000000E+0
5.170E+2	0.00000000E+0
5.180E+2	0.00000000E+0
5.190E+2	0.00000000E+0
5.200E+2	0.00000000E+0
5.210E+2	0.00000000E+0
5.220E+2	0.00000000E+0
5.230E+2	0.00000000E+0
5.240E+2	0.00000000E+0
5.250E+2	0.00000000E+0
5.260E+2	0.00000000E+0
5.270E+2	0.00000000E+0
5.280E+2	0.00000000E+0
5.290E+2	0.00000000E+0
5.300E+2	0.00000000E+0
5.310E+2	0.00000000E+0
5.320E+2	0.00000000E+0
5.330E+2	0.00000000E+0
5.340E+2	0.00000000E+0
5.350E+2	0.00000000E+0
5.360E+2	0.00000000E+0
5.370E+2	0.00000000E+0
5.380E+2	0.00000000E+0
5.390E+2	0.00000000E+0
5.400E+2	0.00000000E+0
5.410E+2	0.00000000E+0
5.420E+2	0.00000000E+0
5.430E+2	0.00000000E+0
5.440E+2	0.00000000E+0
5.450E+2	0.00000000E+0
5.460E+2	0.00000000E+0
5.470E+2	0.00000000E+0
5.480E+2	0.00000000E+0
5.490E+2	0.00000000E+0
5.500E+2	0.00000000E+0
5.510E+2	3.44737931E-6
5.520E+2	2.42646119E-6
5.530E+2	8.40793337E-6
5.540E+2	0.00000000E+0
5.550E+2	0.00000000E+0
5.560E+2	2.06842758E-6
5.570E+2	8.46174921E-7
5.580E+2	0.00000000E+0
5.590E+2	0.00000000E+0
5.600E+2	0.00000000E+0
5.610E+2	0.00000000E+0
5.620E+2	1.37895172E-6
5.630E+2	1.27448568E-5
5.640E+2	0.00000000E+0
5.650E+2	1.54216012E-5
5.660E+2	0.00000000E+0
5.670E+2	7.31262277E-7
5.680E+2	2.83235924E-5
5.690E+2	2.78101260E-5
5.700E+2	0.00000000E+0
5.710E+2	0.00000000E+0
5.720E+2	6.47056318E-7
5.730E+2	6.82052441E-5
5.740E+2	3.27440887E-5
5.750E+2	0.00000000E+0
5.760E+2	2.32281822E-5
5.770E+2	0.00000000E+0
5.780E+2	0.00000000E+0
5.790E+2	1.39466120E-5
5.800E+2	3.42601125E-5
5.810E+2	3.83042145E-6
5.820E+2	6.58136049E-6
5.830E+2	0.00000000E+0
5.840E+2	1.91172852E-6
5.850E+2	0.00000000E+0
5.860E+2	5.01436990E-7
5.870E+2	1.30012735E-6
5.880E+2	0.00000000E+0
5.890E+2	5.35625876E-6
5.900E+2	0.00000000E+0
5.910E+2	3.67847085E-7
5.920E+2	1.53648836E-5
5.930E+2	7.66104076E-5
5.940E+2	2.27881586E-5
5.950E+2	1.62146594E-5
5.960E+2	6.21823549E-5
5.970E+2	7.35048380E-5
5.980E+2	6.96044559E-5
5.990E+2	1.10708677E-4
6.000E+2	1.18901347E-4
6.010E+2	1.26181324E-4
6.020E+2	1.58367667E-4
6.030E+2	1.60769542E-4
6.040E+2	2.22998722E-4
6.050E+2	2.42801104E-4
6.060E+2	2.31207945E-4
6.070E+2	3.17768018E-4
6.080E+2	3.84745324E-4
6.090E+2	4.07443935E-4
6.100E+2	4.49876668E-4
6.110E+2	4.92312040E-4
6.120E+2	5.67276975E-4
6.130E+2	5.83470531E-4
6.140E+2	6.77315197E-4
6.150E+2	8.18339074E-4
6.160E+2	9.10416589E-4
6.170E+2	1.01466070E-3
6.180E+2	1.08467405E-3
6.190E+2	1.22385263E-3
6.200E+2	1.38566287E-3
6.210E+2	1.47053065E-3
6.220E+2	1.65518822E-3
6.230E+2	1.84373030E-3
6.240E+2	2.04061746E-3
6.250E+2	2.26558646E-3
6.260E+2	2.55179307E-3
6.270E+2	2.80101745E-3
6.280E+2	3.18313035E-3
6.290E+2	3.38935317E-3
6.300E+2	3.78850577E-3
6.310E+2	4.29502212E-3
6.320E+2	4.51177778E-3
6.330E+2	5.38329915E-3
6.340E+2	5.49035121E-3
6.350E+2	6.33886870E-3
6.360E+2	6.79057319E-3
6.370E+2	7.58937072E-3
6.380E+2	8.44460629E-3
6.390E+2	9.45090674E-3
6.400E+2	1.04788745E-2
6.410E+2	1.12028913E-2
6.420E+2	1.24876237E-2
6.430E+2	1.40345217E-2
6.440E+2	1.55018574E-2
6.450E+2	1.68703183E-2
6.460E+2	1.89406781E-2
6.470E+2	2.08539303E-2
6.480E+2	2.34581816E-2
6.490E+2	2.65519743E-2
6.500E+2	2.91079965E-2
6.510E+2	3.17278841E-2
6.520E+2	3.40356029E-2
6.530E+2	3.69635649E-2
6.540E+2	3.83749408E-2
6.550E+2	4.08517534E-2
6.560E+2	4.30807639E-2
6.570E+2	4.47861423E-2
6.580E+2	4.62326864E-2
6.590E+2	4.79126051E-2
6.600E+2	4.88362463E-2
6.610E+2	4.88298992E-2
6.620E+2	4.78529919E-2
6.630E+2	4.49249597E-2
6.640E+2	4.06865494E-2
6.650E+2	3.44911576E-2
6.660E+2	2.82559447E-2
6.670E+2	2.18740161E-2
6.680E+2	1.75589898E-2
6.690E+2	1.45201233E-2
6.700E+2	1.19582750E-2
6.710E+2	9.89470051E-3
6.720E+2	7.78242438E-3
6.730E+2	6.47614361E-3
6.740E+2	5.20500528E-3
6.750E+2	4.25568804E-3
6.760E+2	3.42746882E-3
6.770E+2	2.66241990E-3
6.780E+2	2.19189009E-3
6.790E+2	1.77856151E-3
6.800E+2	1.46529346E-3
6.810E+2	1.18552748E-3
6.820E+2	9.23259228E-4
6.830E+2	7.96696006E-4
6.840E+2	6.45264292E-4
6.850E+2	5.58111881E-4
6.860E+2	4.48744953E-4
6.870E+2	3.71776949E-4
6.880E+2	3.15689421E-4
6.890E+2	3.01075875E-4
6.900E+2	2.40566777E-4
6.910E+2	1.59834761E-4
6.920E+2	1.86248222E-4
6.930E+2	1.27140263E-4
6.940E+2	1.29798022E-4
6.950E+2	5.71101662E-5
6.960E+2	5.62977673E-5
6.970E+2	5.24573672E-5
6.980E+2	4.75138112E-5
6.990E+2	2.31277351E-5
7.000E+2	2.78101260E-5
7.010E+2	4.89889295E-5
7.020E+2	2.54218683E-5
7.030E+2	2.02996509E-6
7.040E+2	0.00000000E+0
7.050E+2	3.08926656E-5
7.060E+2	1.43771559E-5
7.070E+2	0.00000000E+0
7.080E+2	0.00000000E+0
7.090E+2	1.12991677E-5
7.100E+2	2.49810095E-7
7.110E+2	0.00000000E+0
7.120E+2	8.79152606E-7
7.130E+2	1.61722789E-6
7.140E+2	0.00000000E+0
7.150E+2	2.98577179E-8
7.160E+2	0.00000000E+0
7.170E+2	0.00000000E+0
7.180E+2	0.00000000E+0
7.190E+2	1.42797781E-7
7.200E+2	5.29657930E-5
7.210E+2	0.00000000E+0
7.220E+2	0.00000000E+0
7.230E+2	5.40136909E-6
7.240E+2	0.00000000E+0
7.250E+2	8.81234357E-6
7.260E+2	0.00000000E+0
7.270E+2	3.97425151E-6
7.280E+2	2.83684293E-5
7.290E+2	0.00000000E+0
7.300E+2	2.40178361E-5
7.310E+2	0.00000000E+0
7.320E+2	8.08338670E-6
7.330E+2	1.20168321E-5
7.340E+2	0.00000000E+0
7.350E+2	1.73944589E-5
7.360E+2	7.47881874E-6
7.370E+2	0.00000000E+0
7.380E+2	0.00000000E+0
7.390E+2	5.06897715E-6
7.400E+2	2.54805045E-5
7.410E+2	2.70518119E-6
7.420E+2	1.42813422E-6
7.430E+2	0.00000000E+0
7.440E+2	1.84477529E-5
7.450E+2	0.00000000E+0
7.460E+2	3.96891810E-5
7.470E+2	5.69814761E-6
7.480E+2	0.00000000E+0
7.490E+2	1.99866844E-5
7.500E+2	0.00000000E+0
7.510E+2	0.00000000E+0
7.520E+2	0.00000000E+0
7.530E+2	0.00000000E+0
7.540E+2	0.00000000E+0
7.550E+2	0.00000000E+0
7.560E+2	0.00000000E+0
7.570E+2	0.00000000E+0
7.580E+2	0.00000000E+0
7.590E+2	0.00000000E+0
7.600E+2	0.00000000E+0
7.610E+2	0.00000000E+0
7.620E+2	0.00000000E+0
7.630E+2	0.00000000E+0
7.640E+2	0.00000000E+0
7.650E+2	0.00000000E+0
7.660E+2	0.00000000E+0
7.670E+2	0.00000000E+0
7.680E+2	0.00000000E+0
7.690E+2	0.00000000E+0
7.700E+2	0.00000000E+0
7.710E+2	0.00000000E+0
7.720E+2	0.00000000E+0
7.730E+2	0.00000000E+0
7.740E+2	0.00000000E+0
7.750E+2	0.00000000E+0
7.760E+2	0.00000000E+0
7.770E+2	0.00000000E+0
7.780E+2	0.00000000E+0
7.790E+2	0.00000000E+0
7.800E+2	0.00000000E+0
7.810E+2	0.00000000E+0
7.820E+2	0.00000000E+0
7.830E+2	0.00000000E+0
7.840E+2	0.00000000E+0
7.850E+2	0.00000000E+0
7.860E+2	0.00000000E+0
7.870E+2	0.00000000E+0
7.880E+2	0.00000000E+0
7.890E+2	0.00000000E+0
7.900E+2	0.00000000E+0
7.910E+2	0.00000000E+0
7.920E+2	0.00000000E+0
7.930E+2	0.00000000E+0
7.940E+2	0.00000000E+0
7.950E+2	0.00000000E+0
7.960E+2	0.00000000E+0
7.970E+2	0.00000000E+0
7.980E+2	0.00000000E+0
7.990E+2	0.00000000E+0
8.000E+2	0.00000000E+0
8.010E+2	0.00000000E+0
8.020E+2	0.00000000E+0
8.030E+2	0.00000000E+0
8.040E+2	0.00000000E+0
8.050E+2	0.00000000E+0
8.060E+2	0.00000000E+0
8.070E+2	0.00000000E+0
8.080E+2	0.00000000E+0
8.090E+2	0.00000000E+0
8.100E+2	0.00000000E+0
8.110E+2	0.00000000E+0
8.120E+2	0.00000000E+0
8.130E+2	0.00000000E+0
8.140E+2	0.00000000E+0
8.150E+2	0.00000000E+0
8.160E+2	0.00000000E+0
8.170E+2	0.00000000E+0
8.180E+2	0.00000000E+0
8.190E+2	0.00000000E+0
8.200E+2	0.00000000E+0
8.210E+2	0.00000000E+0
8.220E+2	0.00000000E+0
8.230E+2	0.00000000E+0
8.240E+2	0.00000000E+0
8.250E+2	0.00000000E+0
8.260E+2	0.00000000E+0
8.270E+2	0.00000000E+0
8.280E+2	0.00000000E+0
8.290E+2	0.00000000E+0
8.300E+2	0.00000000E+0
8.310E+2	0.00000000E+0
8.320E+2	0.00000000E+0
8.330E+2	0.00000000E+0
8.340E+2	0.00000000E+0
8.350E+2	0.00000000E+0
8.360E+2	0.00000000E+0
8.370E+2	0.00000000E+0
8.380E+2	0.00000000E+0
8.390E+2	0.00000000E+0
8.400E+2	0.00000000E+0
8.410E+2	0.00000000E+0
8.420E+2	0.00000000E+0
8.430E+2	0.00000000E+0
8.440E+2	0.00000000E+0
8.450E+2	0.00000000E+0
8.460E+2	0.00000000E+0
8.470E+2	0.00000000E+0
8.480E+2	0.00000000E+0
8.490E+2	0.00000000E+0
8.500E+2	0.00000000E+0
8.510E+2	0.00000000E+0
8.520E+2	0.00000000E+0
8.530E+2	0.00000000E+0
8.540E+2	0.00000000E+0
8.550E+2	0.00000000E+0
8.560E+2	0.00000000E+0
8.570E+2	0.00000000E+0
8.580E+2	0.00000000E+0
8.590E+2	0.00000000E+0
8.600E+2	0.00000000E+0
8.610E+2	0.00000000E+0
8.620E+2	0.00000000E+0
8.630E+2	0.00000000E+0
8.640E+2	0.00000000E+0
8.650E+2	0.00000000E+0
8.660E+2	0.00000000E+0
8.670E+2	0.00000000E+0
8.680E+2	0.00000000E+0
8.690E+2	0.00000000E+0
8.700E+2	0.00000000E+0
8.710E+2	0.00000000E+0
8.720E+2	0.00000000E+0
8.730E+2	0.00000000E+0
8.740E+2	0.00000000E+0
8.750E+2	0.00000000E+0
8.760E+2	0.00000000E+0
8.770E+2	0.00000000E+0
8.780E+2	0.00000000E+0
8.790E+2	0.00000000E+0
8.800E+2	0.00000000E+0
8.810E+2	0.00000000E+0
8.820E+2	0.00000000E+0
8.830E+2	0.00000000E+0
8.840E+2	0.00000000E+0
8.850E+2	0.00000000E+0
8.860E+2	0.00000000E+0
8.870E+2	0.00000000E+0
8.880E+2	0.00000000E+0
8.890E+2	0.00000000E+0
8.900E+2	0.00000000E+0
8.910E+2	0.00000000E+0
8.920E+2	0.00000000E+0
8.930E+2	0.00000000E+0
8.940E+2	0.00000000E+0
8.950E+2	0.00000000E+0
8.960E+2	0.00000000E+0
8.970E+2	0.00000000E+0
8.980E+2	0.00000000E+0
8.990E+2	0.00000000E+0
9.000E+2	0.00000000E+0
9.010E+2	0.00000000E+0
9.020E+2	0.00000000E+0
9.030E+2	0.00000000E+0
9.040E+2	0.00000000E+0
9.050E+2	0.00000000E+0
9.060E+2	0.00000000E+0
9.070E+2	0.00000000E+0
9.080E+2	0.00000000E+0
9.090E+2	0.00000000E+0
9.100E+2	0.00000000E+0
9.110E+2	0.00000000E+0
9.120E+2	0.00000000E+0
9.130E+2	0.00000000E+0
9.140E+2	0.00000000E+0
9.150E+2	0.00000000E+0
9.160E+2	0.00000000E+0
9.170E+2	0.00000000E+0
9.180E+2	0.00000000E+0
9.190E+2	0.00000000E+0
9.200E+2	0.00000000E+0
9.210E+2	0.00000000E+0
9.220E+2	0.00000000E+0
9.230E+2	0.00000000E+0
9.240E+2	0.00000000E+0
9.250E+2	0.00000000E+0
9.260E+2	0.00000000E+0
9.270E+2	0.00000000E+0
9.280E+2	0.00000000E+0
9.290E+2	0.00000000E+0
9.300E+2	0.00000000E+0
9.310E+2	0.00000000E+0
9.320E+2	0.00000000E+0
9.330E+2	0.00000000E+0
9.340E+2	0.00000000E+0
9.350E+2	0.00000000E+0
9.360E+2	0.00000000E+0
9.370E+2	0.00000000E+0
9.380E+2	0.00000000E+0
9.390E+2	0.00000000E+0
9.400E+2	0.00000000E+0
9.410E+2	0.00000000E+0
9.420E+2	0.00000000E+0
9.430E+2	0.00000000E+0
9.440E+2	0.00000000E+0
9.450E+2	0.00000000E+0
9.460E+2	0.00000000E+0
9.470E+2	0.00000000E+0
9.480E+2	0.00000000E+0
9.490E+2	0.00000000E+0
9.500E+2	0.00000000E+0
9.510E+2	0.00000000E+0
9.520E+2	0.00000000E+0
9.530E+2	0.00000000E+0
9.540E+2	0.00000000E+0
9.550E+2	0.00000000E+0
9.560E+2	0.00000000E+0
9.570E+2	0.00000000E+0
9.580E+2	0.00000000E+0
9.590E+2	0.00000000E+0
9.600E+2	0.00000000E+0
9.610E+2	0.00000000E+0
9.620E+2	0.00000000E+0
9.630E+2	0.00000000E+0
9.640E+2	0.00000000E+0
9.650E+2	0.00000000E+0
9.660E+2	0.00000000E+0
9.670E+2	0.00000000E+0
9.680E+2	0.00000000E+0
9.690E+2	0.00000000E+0
9.700E+2	0.00000000E+0
9.710E+2	0.00000000E+0
9.720E+2	0.00000000E+0
9.730E+2	0.00000000E+0
9.740E+2	0.00000000E+0
9.750E+2	0.00000000E+0
9.760E+2	0.00000000E+0
9.770E+2	0.00000000E+0
9.780E+2	0.00000000E+0
9.790E+2	0.00000000E+0
9.800E+2	0.00000000E+0
9.810E+2	0.00000000E+0
9.820E+2	0.00000000E+0
9.830E+2	0.00000000E+0
9.840E+2	0.00000000E+0
9.850E+2	0.00000000E+0
9.860E+2	0.00000000E+0
9.870E+2	0.00000000E+0
9.880E+2	0.00000000E+0
9.890E+2	0.00000000E+0
9.900E+2	0.00000000E+0
9.910E+2	0.00000000E+0
9.920E+2	0.00000000E+0
9.930E+2	0.00000000E+0
9.940E+2	0.00000000E+0
9.950E+2	0.00000000E+0
9.960E+2	0.00000000E+0
9.970E+2	0.00000000E+0
9.980E+2	0.00000000E+0
9.990E+2	0.00000000E+0
1.000E+3	0.00000000E+0
1.001E+3	0.00000000E+0
1.002E+3	0.00000000E+0
1.003E+3	0.00000000E+0
1.004E+3	0.00000000E+0
1.005E+3	0.00000000E+0
1.006E+3	0.00000000E+0
1.007E+3	0.00000000E+0
1.008E+3	0.00000000E+0
1.009E+3	0.00000000E+0
1.010E+3	0.00000000E+0
1.011E+3	0.00000000E+0
1.012E+3	0.00000000E+0
1.013E+3	0.00000000E+0
1.014E+3	0.00000000E+0
1.015E+3	0.00000000E+0
1.016E+3	0.00000000E+0
1.017E+3	0.00000000E+0
1.018E+3	0.00000000E+0
1.019E+3	0.00000000E+0
