WAVELENGTH (nm)	SPECTRAL IRRADIANCE (W.m-2.nm-1)
3.410E+2	0.00000000E+0
3.420E+2	0.00000000E+0
3.430E+2	0.00000000E+0
3.440E+2	0.00000000E+0
3.450E+2	0.00000000E+0
3.460E+2	0.00000000E+0
3.470E+2	0.00000000E+0
3.480E+2	0.00000000E+0
3.490E+2	0.00000000E+0
3.500E+2	0.00000000E+0
3.510E+2	5.90997895E-6
3.520E+2	0.00000000E+0
3.530E+2	3.62037538E-5
3.540E+2	2.66114033E-5
3.550E+2	1.10339160E-5
3.560E+2	2.03901042E-5
3.570E+2	0.00000000E+0
3.580E+2	0.00000000E+0
3.590E+2	2.81677222E-6
3.600E+2	0.00000000E+0
3.610E+2	9.34891211E-6
3.620E+2	1.17048380E-5
3.630E+2	2.77475711E-5
3.640E+2	1.10334084E-6
3.650E+2	4.22900789E-6
3.660E+2	8.91996202E-6
3.670E+2	3.21199290E-5
3.680E+2	0.00000000E+0
3.690E+2	1.80287354E-5
3.700E+2	5.53345610E-5
3.710E+2	6.37440132E-5
3.720E+2	5.15106726E-6
3.730E+2	2.49648949E-5
3.740E+2	1.12711218E-4
3.750E+2	1.24901832E-4
3.760E+2	1.10349059E-4
3.770E+2	1.55797237E-4
3.780E+2	2.57859494E-4
3.790E+2	3.12273462E-4
3.800E+2	3.81306562E-4
3.810E+2	5.03892064E-4
3.820E+2	6.68934459E-4
3.830E+2	7.86783292E-4
3.840E+2	1.07894399E-3
3.850E+2	1.47047865E-3
3.860E+2	1.87267069E-3
3.870E+2	2.47146216E-3
3.880E+2	3.24699808E-3
3.890E+2	4.20763444E-3
3.900E+2	5.51092061E-3
3.910E+2	7.16928144E-3
3.920E+2	9.47374281E-3
3.930E+2	1.18869529E-2
3.940E+2	1.54146561E-2
3.950E+2	1.97267504E-2
3.960E+2	2.52527397E-2
3.970E+2	3.20403045E-2
3.980E+2	3.94875071E-2
3.990E+2	4.75305394E-2
4.000E+2	5.30419921E-2
4.010E+2	5.68254705E-2
4.020E+2	5.88402615E-2
4.030E+2	5.96094115E-2
4.040E+2	5.97422170E-2
4.050E+2	5.79290924E-2
4.060E+2	5.48050403E-2
4.070E+2	5.05082786E-2
4.080E+2	4.48291228E-2
4.090E+2	3.66442030E-2
4.100E+2	2.97773136E-2
4.110E+2	2.58394186E-2
4.120E+2	2.22984679E-2
4.130E+2	1.94640515E-2
4.140E+2	1.70714427E-2
4.150E+2	1.55738756E-2
4.160E+2	1.38866775E-2
4.170E+2	1.19884609E-2
4.180E+2	1.00751763E-2
4.190E+2	8.66216827E-3
4.200E+2	7.60323338E-3
4.210E+2	6.17476439E-3
4.220E+2	5.41701747E-3
4.230E+2	4.58938315E-3
4.240E+2	3.95719982E-3
4.250E+2	3.45791131E-3
4.260E+2	3.00334554E-3
4.270E+2	2.56495145E-3
4.280E+2	2.43667076E-3
4.290E+2	1.99876513E-3
4.300E+2	1.70833026E-3
4.310E+2	1.46703784E-3
4.320E+2	1.18558504E-3
4.330E+2	1.08735153E-3
4.340E+2	9.87330147E-4
4.350E+2	8.04831557E-4
4.360E+2	6.78679494E-4
4.370E+2	5.99349223E-4
4.380E+2	5.20354652E-4
4.390E+2	4.45473293E-4
4.400E+2	3.48679592E-4
4.410E+2	3.47004121E-4
4.420E+2	3.28387433E-4
4.430E+2	2.86252605E-4
4.440E+2	2.63796688E-4
4.450E+2	2.35137238E-4
4.460E+2	2.18150815E-4
4.470E+2	1.71606431E-4
4.480E+2	2.05651869E-4
4.490E+2	2.05166953E-4
4.500E+2	2.26322695E-4
4.510E+2	1.51689948E-4
4.520E+2	1.12818695E-4
4.530E+2	1.28989605E-4
4.540E+2	9.35509677E-5
4.550E+2	8.14690429E-5
4.560E+2	9.51819933E-5
4.570E+2	5.77833837E-5
4.580E+2	5.69716781E-5
4.590E+2	3.99875391E-5
4.600E+2	9.76346233E-5
4.610E+2	4.35815824E-5
4.620E+2	5.71353899E-5
4.630E+2	1.13817717E-4
4.640E+2	8.26934542E-6
4.650E+2	7.90978880E-5
4.660E+2	2.92910723E-5
4.670E+2	4.17830379E-5
4.680E+2	2.80647573E-5
4.690E+2	4.56173186E-5
4.700E+2	5.94178358E-5
4.710E+2	7.09232670E-6
4.720E+2	3.99890620E-5
4.730E+2	3.35331094E-5
4.740E+2	6.10511457E-5
4.750E+2	2.83898964E-5
4.760E+2	8.35082056E-5
4.770E+2	7.58093384E-6
4.780E+2	5.46812370E-5
4.790E+2	7.46038110E-5
4.800E+2	6.48077586E-5
4.810E+2	1.47549946E-5
4.820E+2	6.02344908E-5
4.830E+2	5.58237925E-5
4.840E+2	4.34163478E-5
4.850E+2	2.84725137E-5
4.860E+2	1.94101183E-5
4.870E+2	7.20716095E-5
4.880E+2	5.58714745E-5
4.890E+2	2.98587332E-5
4.900E+2	3.81912789E-5
4.910E+2	5.06943769E-5
4.920E+2	1.00738293E-4
4.930E+2	6.15593526E-5
4.940E+2	9.19157542E-5
4.950E+2	0.00000000E+0
4.960E+2	5.35383007E-5
4.970E+2	5.06840060E-5
4.980E+2	8.60419300E-5
4.990E+2	8.14338639E-5
5.000E+2	0.00000000E+0
5.010E+2	0.00000000E+0
5.020E+2	0.00000000E+0
5.030E+2	0.00000000E+0
5.040E+2	0.00000000E+0
5.050E+2	0.00000000E+0
5.060E+2	0.00000000E+0
5.070E+2	0.00000000E+0
5.080E+2	0.00000000E+0
5.090E+2	0.00000000E+0
5.100E+2	0.00000000E+0
5.110E+2	0.00000000E+0
5.120E+2	0.00000000E+0
5.130E+2	0.00000000E+0
5.140E+2	0.00000000E+0
5.150E+2	0.00000000E+0
5.160E+2	0.00000000E+0
5.170E+2	0.00000000E+0
5.180E+2	0.00000000E+0
5.190E+2	0.00000000E+0
5.200E+2	0.00000000E+0
5.210E+2	0.00000000E+0
5.220E+2	0.00000000E+0
5.230E+2	0.00000000E+0
5.240E+2	0.00000000E+0
5.250E+2	0.00000000E+0
5.260E+2	0.00000000E+0
5.270E+2	0.00000000E+0
5.280E+2	0.00000000E+0
5.290E+2	0.00000000E+0
5.300E+2	0.00000000E+0
5.310E+2	0.00000000E+0
5.320E+2	0.00000000E+0
5.330E+2	0.00000000E+0
5.340E+2	0.00000000E+0
5.350E+2	0.00000000E+0
5.360E+2	0.00000000E+0
5.370E+2	0.00000000E+0
5.380E+2	0.00000000E+0
5.390E+2	0.00000000E+0
5.400E+2	0.00000000E+0
5.410E+2	0.00000000E+0
5.420E+2	0.00000000E+0
5.430E+2	0.00000000E+0
5.440E+2	0.00000000E+0
5.450E+2	0.00000000E+0
5.460E+2	0.00000000E+0
5.470E+2	0.00000000E+0
5.480E+2	0.00000000E+0
5.490E+2	0.00000000E+0
5.500E+2	0.00000000E+0
5.510E+2	0.00000000E+0
5.520E+2	0.00000000E+0
5.530E+2	0.00000000E+0
5.540E+2	0.00000000E+0
5.550E+2	0.00000000E+0
5.560E+2	0.00000000E+0
5.570E+2	0.00000000E+0
5.580E+2	0.00000000E+0
5.590E+2	0.00000000E+0
5.600E+2	0.00000000E+0
5.610E+2	0.00000000E+0
5.620E+2	0.00000000E+0
5.630E+2	0.00000000E+0
5.640E+2	0.00000000E+0
5.650E+2	0.00000000E+0
5.660E+2	0.00000000E+0
5.670E+2	0.00000000E+0
5.680E+2	0.00000000E+0
5.690E+2	0.00000000E+0
5.700E+2	0.00000000E+0
5.710E+2	0.00000000E+0
5.720E+2	0.00000000E+0
5.730E+2	0.00000000E+0
5.740E+2	0.00000000E+0
5.750E+2	0.00000000E+0
5.760E+2	0.00000000E+0
5.770E+2	0.00000000E+0
5.780E+2	0.00000000E+0
5.790E+2	0.00000000E+0
5.800E+2	0.00000000E+0
5.810E+2	0.00000000E+0
5.820E+2	0.00000000E+0
5.830E+2	0.00000000E+0
5.840E+2	0.00000000E+0
5.850E+2	0.00000000E+0
5.860E+2	0.00000000E+0
5.870E+2	0.00000000E+0
5.880E+2	0.00000000E+0
5.890E+2	0.00000000E+0
5.900E+2	0.00000000E+0
5.910E+2	0.00000000E+0
5.920E+2	0.00000000E+0
5.930E+2	0.00000000E+0
5.940E+2	0.00000000E+0
5.950E+2	0.00000000E+0
5.960E+2	0.00000000E+0
5.970E+2	0.00000000E+0
5.980E+2	0.00000000E+0
5.990E+2	0.00000000E+0
6.000E+2	0.00000000E+0
6.010E+2	0.00000000E+0
6.020E+2	0.00000000E+0
6.030E+2	0.00000000E+0
6.040E+2	0.00000000E+0
6.050E+2	0.00000000E+0
6.060E+2	0.00000000E+0
6.070E+2	0.00000000E+0
6.080E+2	0.00000000E+0
6.090E+2	0.00000000E+0
6.100E+2	0.00000000E+0
6.110E+2	0.00000000E+0
6.120E+2	0.00000000E+0
6.130E+2	0.00000000E+0
6.140E+2	0.00000000E+0
6.150E+2	0.00000000E+0
6.160E+2	0.00000000E+0
6.170E+2	0.00000000E+0
6.180E+2	0.00000000E+0
6.190E+2	0.00000000E+0
6.200E+2	0.00000000E+0
6.210E+2	0.00000000E+0
6.220E+2	0.00000000E+0
6.230E+2	0.00000000E+0
6.240E+2	0.00000000E+0
6.250E+2	0.00000000E+0
6.260E+2	0.00000000E+0
6.270E+2	0.00000000E+0
6.280E+2	0.00000000E+0
6.290E+2	0.00000000E+0
6.300E+2	0.00000000E+0
6.310E+2	0.00000000E+0
6.320E+2	0.00000000E+0
6.330E+2	0.00000000E+0
6.340E+2	0.00000000E+0
6.350E+2	0.00000000E+0
6.360E+2	0.00000000E+0
6.370E+2	0.00000000E+0
6.380E+2	0.00000000E+0
6.390E+2	0.00000000E+0
6.400E+2	0.00000000E+0
6.410E+2	0.00000000E+0
6.420E+2	0.00000000E+0
6.430E+2	0.00000000E+0
6.440E+2	0.00000000E+0
6.450E+2	0.00000000E+0
6.460E+2	0.00000000E+0
6.470E+2	0.00000000E+0
6.480E+2	0.00000000E+0
6.490E+2	0.00000000E+0
6.500E+2	0.00000000E+0
6.510E+2	0.00000000E+0
6.520E+2	0.00000000E+0
6.530E+2	0.00000000E+0
6.540E+2	0.00000000E+0
6.550E+2	0.00000000E+0
6.560E+2	0.00000000E+0
6.570E+2	0.00000000E+0
6.580E+2	0.00000000E+0
6.590E+2	0.00000000E+0
6.600E+2	0.00000000E+0
6.610E+2	0.00000000E+0
6.620E+2	0.00000000E+0
6.630E+2	0.00000000E+0
6.640E+2	0.00000000E+0
6.650E+2	0.00000000E+0
6.660E+2	0.00000000E+0
6.670E+2	0.00000000E+0
6.680E+2	0.00000000E+0
6.690E+2	0.00000000E+0
6.700E+2	0.00000000E+0
6.710E+2	0.00000000E+0
6.720E+2	0.00000000E+0
6.730E+2	0.00000000E+0
6.740E+2	0.00000000E+0
6.750E+2	0.00000000E+0
6.760E+2	0.00000000E+0
6.770E+2	0.00000000E+0
6.780E+2	0.00000000E+0
6.790E+2	0.00000000E+0
6.800E+2	0.00000000E+0
6.810E+2	0.00000000E+0
6.820E+2	0.00000000E+0
6.830E+2	0.00000000E+0
6.840E+2	0.00000000E+0
6.850E+2	0.00000000E+0
6.860E+2	0.00000000E+0
6.870E+2	0.00000000E+0
6.880E+2	0.00000000E+0
6.890E+2	0.00000000E+0
6.900E+2	0.00000000E+0
6.910E+2	0.00000000E+0
6.920E+2	0.00000000E+0
6.930E+2	0.00000000E+0
6.940E+2	0.00000000E+0
6.950E+2	0.00000000E+0
6.960E+2	0.00000000E+0
6.970E+2	0.00000000E+0
6.980E+2	0.00000000E+0
6.990E+2	0.00000000E+0
7.000E+2	0.00000000E+0
7.010E+2	0.00000000E+0
7.020E+2	0.00000000E+0
7.030E+2	0.00000000E+0
7.040E+2	0.00000000E+0
7.050E+2	0.00000000E+0
7.060E+2	0.00000000E+0
7.070E+2	0.00000000E+0
7.080E+2	0.00000000E+0
7.090E+2	0.00000000E+0
7.100E+2	0.00000000E+0
7.110E+2	0.00000000E+0
7.120E+2	0.00000000E+0
7.130E+2	0.00000000E+0
7.140E+2	0.00000000E+0
7.150E+2	0.00000000E+0
7.160E+2	0.00000000E+0
7.170E+2	0.00000000E+0
7.180E+2	0.00000000E+0
7.190E+2	0.00000000E+0
7.200E+2	0.00000000E+0
7.210E+2	0.00000000E+0
7.220E+2	0.00000000E+0
7.230E+2	0.00000000E+0
7.240E+2	0.00000000E+0
7.250E+2	0.00000000E+0
7.260E+2	0.00000000E+0
7.270E+2	0.00000000E+0
7.280E+2	0.00000000E+0
7.290E+2	0.00000000E+0
7.300E+2	0.00000000E+0
7.310E+2	0.00000000E+0
7.320E+2	0.00000000E+0
7.330E+2	0.00000000E+0
7.340E+2	0.00000000E+0
7.350E+2	0.00000000E+0
7.360E+2	0.00000000E+0
7.370E+2	0.00000000E+0
7.380E+2	0.00000000E+0
7.390E+2	0.00000000E+0
7.400E+2	0.00000000E+0
7.410E+2	0.00000000E+0
7.420E+2	0.00000000E+0
7.430E+2	0.00000000E+0
7.440E+2	0.00000000E+0
7.450E+2	0.00000000E+0
7.460E+2	0.00000000E+0
7.470E+2	0.00000000E+0
7.480E+2	0.00000000E+0
7.490E+2	0.00000000E+0
7.500E+2	0.00000000E+0
7.510E+2	0.00000000E+0
7.520E+2	0.00000000E+0
7.530E+2	0.00000000E+0
7.540E+2	0.00000000E+0
7.550E+2	0.00000000E+0
7.560E+2	0.00000000E+0
7.570E+2	0.00000000E+0
7.580E+2	0.00000000E+0
7.590E+2	0.00000000E+0
7.600E+2	0.00000000E+0
7.610E+2	0.00000000E+0
7.620E+2	0.00000000E+0
7.630E+2	0.00000000E+0
7.640E+2	0.00000000E+0
7.650E+2	0.00000000E+0
7.660E+2	0.00000000E+0
7.670E+2	0.00000000E+0
7.680E+2	0.00000000E+0
7.690E+2	0.00000000E+0
7.700E+2	0.00000000E+0
7.710E+2	0.00000000E+0
7.720E+2	0.00000000E+0
7.730E+2	0.00000000E+0
7.740E+2	0.00000000E+0
7.750E+2	0.00000000E+0
7.760E+2	0.00000000E+0
7.770E+2	0.00000000E+0
7.780E+2	0.00000000E+0
7.790E+2	0.00000000E+0
7.800E+2	0.00000000E+0
7.810E+2	0.00000000E+0
7.820E+2	0.00000000E+0
7.830E+2	0.00000000E+0
7.840E+2	0.00000000E+0
7.850E+2	0.00000000E+0
7.860E+2	0.00000000E+0
7.870E+2	0.00000000E+0
7.880E+2	0.00000000E+0
7.890E+2	0.00000000E+0
7.900E+2	0.00000000E+0
7.910E+2	0.00000000E+0
7.920E+2	0.00000000E+0
7.930E+2	0.00000000E+0
7.940E+2	0.00000000E+0
7.950E+2	0.00000000E+0
7.960E+2	0.00000000E+0
7.970E+2	0.00000000E+0
7.980E+2	0.00000000E+0
7.990E+2	0.00000000E+0
8.000E+2	0.00000000E+0
8.010E+2	0.00000000E+0
8.020E+2	0.00000000E+0
8.030E+2	0.00000000E+0
8.040E+2	0.00000000E+0
8.050E+2	0.00000000E+0
8.060E+2	0.00000000E+0
8.070E+2	0.00000000E+0
8.080E+2	0.00000000E+0
8.090E+2	0.00000000E+0
8.100E+2	0.00000000E+0
8.110E+2	0.00000000E+0
8.120E+2	0.00000000E+0
8.130E+2	0.00000000E+0
8.140E+2	0.00000000E+0
8.150E+2	0.00000000E+0
8.160E+2	0.00000000E+0
8.170E+2	0.00000000E+0
8.180E+2	0.00000000E+0
8.190E+2	0.00000000E+0
8.200E+2	0.00000000E+0
8.210E+2	0.00000000E+0
8.220E+2	0.00000000E+0
8.230E+2	0.00000000E+0
8.240E+2	0.00000000E+0
8.250E+2	0.00000000E+0
8.260E+2	0.00000000E+0
8.270E+2	0.00000000E+0
8.280E+2	0.00000000E+0
8.290E+2	0.00000000E+0
8.300E+2	0.00000000E+0
8.310E+2	0.00000000E+0
8.320E+2	0.00000000E+0
8.330E+2	0.00000000E+0
8.340E+2	0.00000000E+0
8.350E+2	0.00000000E+0
8.360E+2	0.00000000E+0
8.370E+2	0.00000000E+0
8.380E+2	0.00000000E+0
8.390E+2	0.00000000E+0
8.400E+2	0.00000000E+0
8.410E+2	0.00000000E+0
8.420E+2	0.00000000E+0
8.430E+2	0.00000000E+0
8.440E+2	0.00000000E+0
8.450E+2	0.00000000E+0
8.460E+2	0.00000000E+0
8.470E+2	0.00000000E+0
8.480E+2	0.00000000E+0
8.490E+2	0.00000000E+0
8.500E+2	0.00000000E+0
8.510E+2	0.00000000E+0
8.520E+2	0.00000000E+0
8.530E+2	0.00000000E+0
8.540E+2	0.00000000E+0
8.550E+2	0.00000000E+0
8.560E+2	0.00000000E+0
8.570E+2	0.00000000E+0
8.580E+2	0.00000000E+0
8.590E+2	0.00000000E+0
8.600E+2	0.00000000E+0
8.610E+2	0.00000000E+0
8.620E+2	0.00000000E+0
8.630E+2	0.00000000E+0
8.640E+2	0.00000000E+0
8.650E+2	0.00000000E+0
8.660E+2	0.00000000E+0
8.670E+2	0.00000000E+0
8.680E+2	0.00000000E+0
8.690E+2	0.00000000E+0
8.700E+2	0.00000000E+0
8.710E+2	0.00000000E+0
8.720E+2	0.00000000E+0
8.730E+2	0.00000000E+0
8.740E+2	0.00000000E+0
8.750E+2	0.00000000E+0
8.760E+2	0.00000000E+0
8.770E+2	0.00000000E+0
8.780E+2	0.00000000E+0
8.790E+2	0.00000000E+0
8.800E+2	0.00000000E+0
8.810E+2	0.00000000E+0
8.820E+2	0.00000000E+0
8.830E+2	0.00000000E+0
8.840E+2	0.00000000E+0
8.850E+2	0.00000000E+0
8.860E+2	0.00000000E+0
8.870E+2	0.00000000E+0
8.880E+2	0.00000000E+0
8.890E+2	0.00000000E+0
8.900E+2	0.00000000E+0
8.910E+2	0.00000000E+0
8.920E+2	0.00000000E+0
8.930E+2	0.00000000E+0
8.940E+2	0.00000000E+0
8.950E+2	0.00000000E+0
8.960E+2	0.00000000E+0
8.970E+2	0.00000000E+0
8.980E+2	0.00000000E+0
8.990E+2	0.00000000E+0
9.000E+2	0.00000000E+0
9.010E+2	0.00000000E+0
9.020E+2	0.00000000E+0
9.030E+2	0.00000000E+0
9.040E+2	0.00000000E+0
9.050E+2	0.00000000E+0
9.060E+2	0.00000000E+0
9.070E+2	0.00000000E+0
9.080E+2	0.00000000E+0
9.090E+2	0.00000000E+0
9.100E+2	0.00000000E+0
9.110E+2	0.00000000E+0
9.120E+2	0.00000000E+0
9.130E+2	0.00000000E+0
9.140E+2	0.00000000E+0
9.150E+2	0.00000000E+0
9.160E+2	0.00000000E+0
9.170E+2	0.00000000E+0
9.180E+2	0.00000000E+0
9.190E+2	0.00000000E+0
9.200E+2	0.00000000E+0
9.210E+2	0.00000000E+0
9.220E+2	0.00000000E+0
9.230E+2	0.00000000E+0
9.240E+2	0.00000000E+0
9.250E+2	0.00000000E+0
9.260E+2	0.00000000E+0
9.270E+2	0.00000000E+0
9.280E+2	0.00000000E+0
9.290E+2	0.00000000E+0
9.300E+2	0.00000000E+0
9.310E+2	0.00000000E+0
9.320E+2	0.00000000E+0
9.330E+2	0.00000000E+0
9.340E+2	0.00000000E+0
9.350E+2	0.00000000E+0
9.360E+2	0.00000000E+0
9.370E+2	0.00000000E+0
9.380E+2	0.00000000E+0
9.390E+2	0.00000000E+0
9.400E+2	0.00000000E+0
9.410E+2	0.00000000E+0
9.420E+2	0.00000000E+0
9.430E+2	0.00000000E+0
9.440E+2	0.00000000E+0
9.450E+2	0.00000000E+0
9.460E+2	0.00000000E+0
9.470E+2	0.00000000E+0
9.480E+2	0.00000000E+0
9.490E+2	0.00000000E+0
9.500E+2	0.00000000E+0
9.510E+2	0.00000000E+0
9.520E+2	0.00000000E+0
9.530E+2	0.00000000E+0
9.540E+2	0.00000000E+0
9.550E+2	0.00000000E+0
9.560E+2	0.00000000E+0
9.570E+2	0.00000000E+0
9.580E+2	0.00000000E+0
9.590E+2	0.00000000E+0
9.600E+2	0.00000000E+0
9.610E+2	0.00000000E+0
9.620E+2	0.00000000E+0
9.630E+2	0.00000000E+0
9.640E+2	0.00000000E+0
9.650E+2	0.00000000E+0
9.660E+2	0.00000000E+0
9.670E+2	0.00000000E+0
9.680E+2	0.00000000E+0
9.690E+2	0.00000000E+0
9.700E+2	0.00000000E+0
9.710E+2	0.00000000E+0
9.720E+2	0.00000000E+0
9.730E+2	0.00000000E+0
9.740E+2	0.00000000E+0
9.750E+2	0.00000000E+0
9.760E+2	0.00000000E+0
9.770E+2	0.00000000E+0
9.780E+2	0.00000000E+0
9.790E+2	0.00000000E+0
9.800E+2	0.00000000E+0
9.810E+2	0.00000000E+0
9.820E+2	0.00000000E+0
9.830E+2	0.00000000E+0
9.840E+2	0.00000000E+0
9.850E+2	0.00000000E+0
9.860E+2	0.00000000E+0
9.870E+2	0.00000000E+0
9.880E+2	0.00000000E+0
9.890E+2	0.00000000E+0
9.900E+2	0.00000000E+0
9.910E+2	0.00000000E+0
9.920E+2	0.00000000E+0
9.930E+2	0.00000000E+0
9.940E+2	0.00000000E+0
9.950E+2	0.00000000E+0
9.960E+2	0.00000000E+0
9.970E+2	0.00000000E+0
9.980E+2	0.00000000E+0
9.990E+2	0.00000000E+0
1.000E+3	0.00000000E+0
1.001E+3	0.00000000E+0
1.002E+3	0.00000000E+0
1.003E+3	0.00000000E+0
1.004E+3	0.00000000E+0
1.005E+3	0.00000000E+0
1.006E+3	0.00000000E+0
1.007E+3	0.00000000E+0
1.008E+3	0.00000000E+0
1.009E+3	0.00000000E+0
1.010E+3	0.00000000E+0
1.011E+3	0.00000000E+0
1.012E+3	0.00000000E+0
1.013E+3	0.00000000E+0
1.014E+3	0.00000000E+0
1.015E+3	0.00000000E+0
1.016E+3	0.00000000E+0
1.017E+3	0.00000000E+0
1.018E+3	0.00000000E+0
1.019E+3	0.00000000E+0
