WAVELENGTH (nm)	SPECTRAL IRRADIANCE (W.m-2.nm-1)
3.410E+2	0.00000000E+0
3.420E+2	0.00000000E+0
3.430E+2	0.00000000E+0
3.440E+2	0.00000000E+0
3.450E+2	0.00000000E+0
3.460E+2	0.00000000E+0
3.470E+2	0.00000000E+0
3.480E+2	0.00000000E+0
3.490E+2	0.00000000E+0
3.500E+2	0.00000000E+0
3.510E+2	2.66602947E-7
3.520E+2	2.23182459E-6
3.530E+2	0.00000000E+0
3.540E+2	2.09519631E-6
3.550E+2	0.00000000E+0
3.560E+2	0.00000000E+0
3.570E+2	0.00000000E+0
3.580E+2	0.00000000E+0
3.590E+2	6.54691489E-7
3.600E+2	0.00000000E+0
3.610E+2	0.00000000E+0
3.620E+2	0.00000000E+0
3.630E+2	4.37818480E-7
3.640E+2	0.00000000E+0
3.650E+2	3.74838696E-7
3.660E+2	0.00000000E+0
3.670E+2	0.00000000E+0
3.680E+2	2.02412896E-6
3.690E+2	0.00000000E+0
3.700E+2	1.67972564E-7
3.710E+2	0.00000000E+0
3.720E+2	1.48283550E-6
3.730E+2	3.55319552E-6
3.740E+2	0.00000000E+0
3.750E+2	0.00000000E+0
3.760E+2	0.00000000E+0
3.770E+2	2.29147757E-7
3.780E+2	2.10276765E-6
3.790E+2	1.04794231E-7
3.800E+2	5.95153223E-7
3.810E+2	0.00000000E+0
3.820E+2	0.00000000E+0
3.830E+2	0.00000000E+0
3.840E+2	0.00000000E+0
3.850E+2	0.00000000E+0
3.860E+2	0.00000000E+0
3.870E+2	2.32421612E-7
3.880E+2	0.00000000E+0
3.890E+2	6.84661377E-6
3.900E+2	0.00000000E+0
3.910E+2	0.00000000E+0
3.920E+2	0.00000000E+0
3.930E+2	0.00000000E+0
3.940E+2	3.08497696E-6
3.950E+2	0.00000000E+0
3.960E+2	0.00000000E+0
3.970E+2	0.00000000E+0
3.980E+2	3.09048339E-7
3.990E+2	0.00000000E+0
4.000E+2	5.23856437E-7
4.010E+2	3.52526186E-7
4.020E+2	0.00000000E+0
4.030E+2	0.00000000E+0
4.040E+2	2.69585596E-8
4.050E+2	0.00000000E+0
4.060E+2	6.32815787E-7
4.070E+2	1.90607165E-8
4.080E+2	0.00000000E+0
4.090E+2	3.71970764E-6
4.100E+2	0.00000000E+0
4.110E+2	5.66198583E-6
4.120E+2	0.00000000E+0
4.130E+2	3.36981996E-7
4.140E+2	1.72425800E-6
4.150E+2	1.27587671E-6
4.160E+2	2.34387248E-6
4.170E+2	6.74176218E-6
4.180E+2	2.35709585E-6
4.190E+2	3.78134833E-6
4.200E+2	3.45132658E-6
4.210E+2	0.00000000E+0
4.220E+2	0.00000000E+0
4.230E+2	0.00000000E+0
4.240E+2	0.00000000E+0
4.250E+2	0.00000000E+0
4.260E+2	9.00261465E-7
4.270E+2	8.07304733E-6
4.280E+2	8.00359485E-6
4.290E+2	1.62790432E-6
4.300E+2	9.42171215E-6
4.310E+2	4.22873908E-6
4.320E+2	8.38671525E-6
4.330E+2	1.02507342E-5
4.340E+2	2.04707330E-5
4.350E+2	1.81334126E-5
4.360E+2	1.81978617E-5
4.370E+2	2.75618578E-5
4.380E+2	2.75990836E-5
4.390E+2	4.01180430E-5
4.400E+2	4.10330500E-5
4.410E+2	4.73106639E-5
4.420E+2	3.86370253E-5
4.430E+2	5.48094476E-5
4.440E+2	5.71468871E-5
4.450E+2	4.78597317E-5
4.460E+2	5.71595148E-5
4.470E+2	5.17179185E-5
4.480E+2	5.16250681E-5
4.490E+2	5.46300982E-5
4.500E+2	3.97991930E-5
4.510E+2	3.76655244E-5
4.520E+2	3.83299095E-5
4.530E+2	3.92238571E-5
4.540E+2	4.09879265E-5
4.550E+2	4.12940892E-5
4.560E+2	3.19175271E-5
4.570E+2	3.39609551E-5
4.580E+2	3.29643178E-5
4.590E+2	3.11255544E-5
4.600E+2	2.45590184E-5
4.610E+2	2.64499606E-5
4.620E+2	1.73793230E-5
4.630E+2	3.11247205E-5
4.640E+2	1.94107189E-5
4.650E+2	1.87976786E-5
4.660E+2	2.95023557E-5
4.670E+2	1.58464840E-5
4.680E+2	1.43645133E-5
4.690E+2	1.33553080E-5
4.700E+2	2.05095692E-5
4.710E+2	1.81929392E-5
4.720E+2	1.92451289E-5
4.730E+2	2.30388667E-5
4.740E+2	1.66390524E-5
4.750E+2	1.95000660E-5
4.760E+2	1.47858743E-5
4.770E+2	1.67055839E-5
4.780E+2	1.63060856E-5
4.790E+2	1.85678183E-5
4.800E+2	9.91931598E-6
4.810E+2	1.40073036E-5
4.820E+2	1.43129303E-5
4.830E+2	1.65368394E-5
4.840E+2	9.81662637E-6
4.850E+2	1.91295733E-5
4.860E+2	1.18357519E-5
4.870E+2	1.71629243E-5
4.880E+2	1.78217508E-5
4.890E+2	2.07780870E-5
4.900E+2	7.49175505E-6
4.910E+2	8.50784610E-6
4.920E+2	1.20398207E-5
4.930E+2	1.32065510E-6
4.940E+2	1.59102183E-5
4.950E+2	9.99637846E-6
4.960E+2	6.16375919E-6
4.970E+2	1.09023129E-5
4.980E+2	1.28323891E-5
4.990E+2	5.61118902E-6
5.000E+2	8.32150854E-6
5.010E+2	8.36074502E-6
5.020E+2	1.12728651E-5
5.030E+2	1.10176898E-5
5.040E+2	1.15030233E-5
5.050E+2	1.04812497E-5
5.060E+2	5.55071890E-6
5.070E+2	6.41905366E-6
5.080E+2	1.24490304E-5
5.090E+2	1.92965928E-5
5.100E+2	2.49936027E-5
5.110E+2	2.38947524E-5
5.120E+2	2.16214761E-5
5.130E+2	2.25116592E-5
5.140E+2	2.73182358E-5
5.150E+2	3.62354704E-5
5.160E+2	3.61335194E-5
5.170E+2	4.74884504E-5
5.180E+2	5.92936003E-5
5.190E+2	7.02068278E-5
5.200E+2	7.38338439E-5
5.210E+2	8.08187483E-5
5.220E+2	9.52802330E-5
5.230E+2	1.09545116E-4
5.240E+2	1.19815487E-4
5.250E+2	1.56843388E-4
5.260E+2	1.50054023E-4
5.270E+2	1.80717393E-4
5.280E+2	1.94096529E-4
5.290E+2	2.30884136E-4
5.300E+2	2.54586361E-4
5.310E+2	2.87769405E-4
5.320E+2	3.10186566E-4
5.330E+2	3.57351528E-4
5.340E+2	4.13695844E-4
5.350E+2	4.48517924E-4
5.360E+2	5.00065969E-4
5.370E+2	5.70148159E-4
5.380E+2	6.30598902E-4
5.390E+2	7.02667297E-4
5.400E+2	7.87582786E-4
5.410E+2	8.74750297E-4
5.420E+2	9.72347260E-4
5.430E+2	1.08667044E-3
5.440E+2	1.21069239E-3
5.450E+2	1.34348393E-3
5.460E+2	1.47527842E-3
5.470E+2	1.65383849E-3
5.480E+2	1.80840457E-3
5.490E+2	2.03194413E-3
5.500E+2	2.26737227E-3
5.510E+2	2.47615862E-3
5.520E+2	2.73356897E-3
5.530E+2	2.94541025E-3
5.540E+2	3.29030727E-3
5.550E+2	3.55042794E-3
5.560E+2	3.88653067E-3
5.570E+2	4.17202713E-3
5.580E+2	4.56204318E-3
5.590E+2	4.87735328E-3
5.600E+2	5.17382384E-3
5.610E+2	5.60585884E-3
5.620E+2	5.78836804E-3
5.630E+2	6.25242502E-3
5.640E+2	6.59285830E-3
5.650E+2	7.05753157E-3
5.660E+2	7.36531727E-3
5.670E+2	7.62580968E-3
5.680E+2	7.85581343E-3
5.690E+2	8.01132278E-3
5.700E+2	8.26290714E-3
5.710E+2	8.33144179E-3
5.720E+2	8.49702087E-3
5.730E+2	8.73825083E-3
5.740E+2	8.78940012E-3
5.750E+2	8.86098575E-3
5.760E+2	8.98517870E-3
5.770E+2	9.01619311E-3
5.780E+2	9.18243163E-3
5.790E+2	9.16384469E-3
5.800E+2	9.20271889E-3
5.810E+2	9.28044079E-3
5.820E+2	9.31450582E-3
5.830E+2	9.36101878E-3
5.840E+2	9.41671278E-3
5.850E+2	9.37519872E-3
5.860E+2	9.54393586E-3
5.870E+2	9.45953201E-3
5.880E+2	9.43070240E-3
5.890E+2	9.51448164E-3
5.900E+2	9.59512604E-3
5.910E+2	9.63536863E-3
5.920E+2	9.57769486E-3
5.930E+2	9.61196122E-3
5.940E+2	9.59645468E-3
5.950E+2	9.61695753E-3
5.960E+2	9.61842426E-3
5.970E+2	9.67816141E-3
5.980E+2	9.57920405E-3
5.990E+2	9.57899731E-3
6.000E+2	9.61967004E-3
6.010E+2	9.54117323E-3
6.020E+2	9.59224350E-3
6.030E+2	9.52777634E-3
6.040E+2	9.43746127E-3
6.050E+2	9.37714935E-3
6.060E+2	9.36243854E-3
6.070E+2	9.28808045E-3
6.080E+2	9.23128372E-3
6.090E+2	9.27194369E-3
6.100E+2	9.16997580E-3
6.110E+2	9.04306896E-3
6.120E+2	8.99252871E-3
6.130E+2	8.95365276E-3
6.140E+2	8.74685232E-3
6.150E+2	8.79185834E-3
6.160E+2	8.74631370E-3
6.170E+2	8.52924368E-3
6.180E+2	8.41022640E-3
6.190E+2	8.29148422E-3
6.200E+2	8.29796081E-3
6.210E+2	8.07687892E-3
6.220E+2	7.92774712E-3
6.230E+2	7.74894274E-3
6.240E+2	7.58842075E-3
6.250E+2	7.39471230E-3
6.260E+2	7.23131202E-3
6.270E+2	7.04972621E-3
6.280E+2	6.91004588E-3
6.290E+2	6.69254778E-3
6.300E+2	6.47981033E-3
6.310E+2	6.33333515E-3
6.320E+2	6.16741537E-3
6.330E+2	6.00292534E-3
6.340E+2	5.73140968E-3
6.350E+2	5.56189134E-3
6.360E+2	5.60729789E-3
6.370E+2	5.33723780E-3
6.380E+2	5.10797609E-3
6.390E+2	5.08035320E-3
6.400E+2	4.79204758E-3
6.410E+2	4.61277659E-3
6.420E+2	4.61608623E-3
6.430E+2	4.55279917E-3
6.440E+2	4.24905477E-3
6.450E+2	4.04996302E-3
6.460E+2	3.99325751E-3
6.470E+2	3.88672755E-3
6.480E+2	3.78026294E-3
6.490E+2	3.63987661E-3
6.500E+2	3.49567065E-3
6.510E+2	3.47826126E-3
6.520E+2	3.30300104E-3
6.530E+2	3.18785343E-3
6.540E+2	2.97902303E-3
6.550E+2	2.98765771E-3
6.560E+2	2.83553714E-3
6.570E+2	2.73821905E-3
6.580E+2	2.68698590E-3
6.590E+2	2.56882563E-3
6.600E+2	2.45156526E-3
6.610E+2	2.43966565E-3
6.620E+2	2.28145332E-3
6.630E+2	2.17480291E-3
6.640E+2	2.16549380E-3
6.650E+2	2.10360960E-3
6.660E+2	1.96764713E-3
6.670E+2	1.94218245E-3
6.680E+2	1.82058034E-3
6.690E+2	1.77331473E-3
6.700E+2	1.63185060E-3
6.710E+2	1.58656380E-3
6.720E+2	1.58913381E-3
6.730E+2	1.42185245E-3
6.740E+2	1.41383398E-3
6.750E+2	1.29173613E-3
6.760E+2	1.22353125E-3
6.770E+2	1.16833793E-3
6.780E+2	1.13374697E-3
6.790E+2	1.07608879E-3
6.800E+2	1.05377705E-3
6.810E+2	9.87088933E-4
6.820E+2	9.25728690E-4
6.830E+2	9.02797136E-4
6.840E+2	8.48440645E-4
6.850E+2	8.18316803E-4
6.860E+2	7.91195926E-4
6.870E+2	7.19453446E-4
6.880E+2	7.19742578E-4
6.890E+2	6.63985538E-4
6.900E+2	6.54801039E-4
6.910E+2	6.14149249E-4
6.920E+2	6.00705265E-4
6.930E+2	5.85137767E-4
6.940E+2	5.72631544E-4
6.950E+2	5.46089133E-4
6.960E+2	5.11474246E-4
6.970E+2	4.89986468E-4
6.980E+2	4.68093205E-4
6.990E+2	4.73292202E-4
7.000E+2	4.56395394E-4
7.010E+2	4.06878201E-4
7.020E+2	4.17067147E-4
7.030E+2	3.94647283E-4
7.040E+2	3.68468905E-4
7.050E+2	3.86510149E-4
7.060E+2	3.60709867E-4
7.070E+2	3.07408568E-4
7.080E+2	3.20131472E-4
7.090E+2	3.09105625E-4
7.100E+2	3.00275131E-4
7.110E+2	2.80390645E-4
7.120E+2	2.73862069E-4
7.130E+2	2.61688544E-4
7.140E+2	2.54634494E-4
7.150E+2	2.46285261E-4
7.160E+2	2.32300260E-4
7.170E+2	2.06133978E-4
7.180E+2	2.16458981E-4
7.190E+2	2.10885271E-4
7.200E+2	2.05733836E-4
7.210E+2	1.85186118E-4
7.220E+2	1.93051599E-4
7.230E+2	1.76898270E-4
7.240E+2	1.80792997E-4
7.250E+2	1.74074316E-4
7.260E+2	1.69626666E-4
7.270E+2	1.38319025E-4
7.280E+2	1.44906487E-4
7.290E+2	1.39719776E-4
7.300E+2	1.26638149E-4
7.310E+2	1.29856616E-4
7.320E+2	1.29668081E-4
7.330E+2	1.14470145E-4
7.340E+2	1.12538022E-4
7.350E+2	1.04898509E-4
7.360E+2	1.14469653E-4
7.370E+2	9.54927221E-5
7.380E+2	9.49034481E-5
7.390E+2	8.97407718E-5
7.400E+2	8.94230102E-5
7.410E+2	8.18296052E-5
7.420E+2	7.91423583E-5
7.430E+2	7.55036567E-5
7.440E+2	8.05919961E-5
7.450E+2	6.33047494E-5
7.460E+2	6.97821169E-5
7.470E+2	6.43466612E-5
7.480E+2	5.30833698E-5
7.490E+2	5.72504539E-5
7.500E+2	6.10506410E-5
7.510E+2	4.82680209E-5
7.520E+2	4.48715474E-5
7.530E+2	4.71355111E-5
7.540E+2	4.54142905E-5
7.550E+2	4.38145007E-5
7.560E+2	3.61750576E-5
7.570E+2	3.88626566E-5
7.580E+2	3.60545419E-5
7.590E+2	4.45391437E-5
7.600E+2	3.78201112E-5
7.610E+2	3.78049059E-5
7.620E+2	3.39251729E-5
7.630E+2	3.03164594E-5
7.640E+2	3.06497079E-5
7.650E+2	2.15599934E-5
7.660E+2	3.31031037E-5
7.670E+2	2.85168627E-5
7.680E+2	1.97486676E-5
7.690E+2	3.28232144E-5
7.700E+2	2.72970903E-5
7.710E+2	2.23320119E-5
7.720E+2	2.51839825E-5
7.730E+2	1.66390524E-5
7.740E+2	2.21750787E-5
7.750E+2	2.04277651E-5
7.760E+2	2.20734522E-5
7.770E+2	1.86002754E-5
7.780E+2	1.94384080E-5
7.790E+2	2.38559162E-5
7.800E+2	1.45548064E-5
7.810E+2	1.30609607E-5
7.820E+2	1.82992409E-5
7.830E+2	1.69556174E-5
7.840E+2	1.06918877E-5
7.850E+2	9.69391218E-6
7.860E+2	1.81941416E-5
7.870E+2	8.69880612E-6
7.880E+2	4.96625833E-6
7.890E+2	1.92774187E-7
7.900E+2	6.45306796E-6
7.910E+2	4.68115313E-6
7.920E+2	8.85758302E-6
7.930E+2	6.51678522E-6
7.940E+2	7.76200027E-6
7.950E+2	3.96949632E-6
7.960E+2	1.39333554E-5
7.970E+2	6.02548390E-6
7.980E+2	3.66964175E-6
7.990E+2	5.67769390E-6
8.000E+2	1.62936223E-6
8.010E+2	6.48677026E-7
8.020E+2	4.00128120E-6
8.030E+2	8.52483737E-6
8.040E+2	5.62909475E-7
8.050E+2	8.31923124E-6
8.060E+2	1.65561610E-7
8.070E+2	3.85688492E-6
8.080E+2	4.39693288E-6
8.090E+2	3.25208726E-6
8.100E+2	0.00000000E+0
8.110E+2	6.93220105E-8
8.120E+2	0.00000000E+0
8.130E+2	4.54886977E-6
8.140E+2	2.19160799E-6
8.150E+2	7.86133723E-6
8.160E+2	0.00000000E+0
8.170E+2	7.46590679E-6
8.180E+2	1.36026009E-6
8.190E+2	4.91817541E-6
8.200E+2	7.43294196E-7
8.210E+2	1.94166158E-6
8.220E+2	2.02036787E-6
8.230E+2	5.34605445E-6
8.240E+2	3.35289916E-6
8.250E+2	3.02024200E-6
8.260E+2	8.96171353E-7
8.270E+2	6.09119232E-6
8.280E+2	3.66960487E-6
8.290E+2	8.20244577E-6
8.300E+2	6.90681740E-6
8.310E+2	1.03599532E-6
8.320E+2	2.84996428E-6
8.330E+2	1.30708863E-7
8.340E+2	0.00000000E+0
8.350E+2	0.00000000E+0
8.360E+2	0.00000000E+0
8.370E+2	0.00000000E+0
8.380E+2	0.00000000E+0
8.390E+2	0.00000000E+0
8.400E+2	0.00000000E+0
8.410E+2	0.00000000E+0
8.420E+2	0.00000000E+0
8.430E+2	0.00000000E+0
8.440E+2	0.00000000E+0
8.450E+2	0.00000000E+0
8.460E+2	0.00000000E+0
8.470E+2	0.00000000E+0
8.480E+2	0.00000000E+0
8.490E+2	0.00000000E+0
8.500E+2	0.00000000E+0
8.510E+2	0.00000000E+0
8.520E+2	0.00000000E+0
8.530E+2	0.00000000E+0
8.540E+2	0.00000000E+0
8.550E+2	0.00000000E+0
8.560E+2	0.00000000E+0
8.570E+2	0.00000000E+0
8.580E+2	0.00000000E+0
8.590E+2	0.00000000E+0
8.600E+2	0.00000000E+0
8.610E+2	0.00000000E+0
8.620E+2	0.00000000E+0
8.630E+2	0.00000000E+0
8.640E+2	0.00000000E+0
8.650E+2	0.00000000E+0
8.660E+2	0.00000000E+0
8.670E+2	0.00000000E+0
8.680E+2	0.00000000E+0
8.690E+2	0.00000000E+0
8.700E+2	0.00000000E+0
8.710E+2	0.00000000E+0
8.720E+2	0.00000000E+0
8.730E+2	0.00000000E+0
8.740E+2	0.00000000E+0
8.750E+2	0.00000000E+0
8.760E+2	0.00000000E+0
8.770E+2	0.00000000E+0
8.780E+2	0.00000000E+0
8.790E+2	0.00000000E+0
8.800E+2	0.00000000E+0
8.810E+2	0.00000000E+0
8.820E+2	0.00000000E+0
8.830E+2	0.00000000E+0
8.840E+2	0.00000000E+0
8.850E+2	0.00000000E+0
8.860E+2	0.00000000E+0
8.870E+2	0.00000000E+0
8.880E+2	0.00000000E+0
8.890E+2	0.00000000E+0
8.900E+2	0.00000000E+0
8.910E+2	0.00000000E+0
8.920E+2	0.00000000E+0
8.930E+2	0.00000000E+0
8.940E+2	0.00000000E+0
8.950E+2	0.00000000E+0
8.960E+2	0.00000000E+0
8.970E+2	0.00000000E+0
8.980E+2	0.00000000E+0
8.990E+2	0.00000000E+0
9.000E+2	0.00000000E+0
9.010E+2	0.00000000E+0
9.020E+2	0.00000000E+0
9.030E+2	0.00000000E+0
9.040E+2	0.00000000E+0
9.050E+2	0.00000000E+0
9.060E+2	0.00000000E+0
9.070E+2	0.00000000E+0
9.080E+2	0.00000000E+0
9.090E+2	0.00000000E+0
9.100E+2	0.00000000E+0
9.110E+2	0.00000000E+0
9.120E+2	0.00000000E+0
9.130E+2	0.00000000E+0
9.140E+2	0.00000000E+0
9.150E+2	0.00000000E+0
9.160E+2	0.00000000E+0
9.170E+2	0.00000000E+0
9.180E+2	0.00000000E+0
9.190E+2	0.00000000E+0
9.200E+2	0.00000000E+0
9.210E+2	0.00000000E+0
9.220E+2	0.00000000E+0
9.230E+2	0.00000000E+0
9.240E+2	0.00000000E+0
9.250E+2	0.00000000E+0
9.260E+2	0.00000000E+0
9.270E+2	0.00000000E+0
9.280E+2	0.00000000E+0
9.290E+2	0.00000000E+0
9.300E+2	0.00000000E+0
9.310E+2	0.00000000E+0
9.320E+2	0.00000000E+0
9.330E+2	0.00000000E+0
9.340E+2	0.00000000E+0
9.350E+2	0.00000000E+0
9.360E+2	0.00000000E+0
9.370E+2	0.00000000E+0
9.380E+2	0.00000000E+0
9.390E+2	0.00000000E+0
9.400E+2	0.00000000E+0
9.410E+2	0.00000000E+0
9.420E+2	0.00000000E+0
9.430E+2	0.00000000E+0
9.440E+2	0.00000000E+0
9.450E+2	0.00000000E+0
9.460E+2	0.00000000E+0
9.470E+2	0.00000000E+0
9.480E+2	0.00000000E+0
9.490E+2	0.00000000E+0
9.500E+2	0.00000000E+0
9.510E+2	0.00000000E+0
9.520E+2	0.00000000E+0
9.530E+2	0.00000000E+0
9.540E+2	0.00000000E+0
9.550E+2	0.00000000E+0
9.560E+2	0.00000000E+0
9.570E+2	0.00000000E+0
9.580E+2	0.00000000E+0
9.590E+2	0.00000000E+0
9.600E+2	0.00000000E+0
9.610E+2	0.00000000E+0
9.620E+2	0.00000000E+0
9.630E+2	0.00000000E+0
9.640E+2	0.00000000E+0
9.650E+2	0.00000000E+0
9.660E+2	0.00000000E+0
9.670E+2	0.00000000E+0
9.680E+2	0.00000000E+0
9.690E+2	0.00000000E+0
9.700E+2	0.00000000E+0
9.710E+2	0.00000000E+0
9.720E+2	0.00000000E+0
9.730E+2	0.00000000E+0
9.740E+2	0.00000000E+0
9.750E+2	0.00000000E+0
9.760E+2	0.00000000E+0
9.770E+2	0.00000000E+0
9.780E+2	0.00000000E+0
9.790E+2	0.00000000E+0
9.800E+2	0.00000000E+0
9.810E+2	0.00000000E+0
9.820E+2	0.00000000E+0
9.830E+2	0.00000000E+0
9.840E+2	0.00000000E+0
9.850E+2	0.00000000E+0
9.860E+2	0.00000000E+0
9.870E+2	0.00000000E+0
9.880E+2	0.00000000E+0
9.890E+2	0.00000000E+0
9.900E+2	0.00000000E+0
9.910E+2	0.00000000E+0
9.920E+2	0.00000000E+0
9.930E+2	0.00000000E+0
9.940E+2	0.00000000E+0
9.950E+2	0.00000000E+0
9.960E+2	0.00000000E+0
9.970E+2	0.00000000E+0
9.980E+2	0.00000000E+0
9.990E+2	0.00000000E+0
1.000E+3	0.00000000E+0
1.001E+3	0.00000000E+0
1.002E+3	0.00000000E+0
1.003E+3	0.00000000E+0
1.004E+3	0.00000000E+0
1.005E+3	0.00000000E+0
1.006E+3	0.00000000E+0
1.007E+3	0.00000000E+0
1.008E+3	0.00000000E+0
1.009E+3	0.00000000E+0
1.010E+3	0.00000000E+0
1.011E+3	0.00000000E+0
1.012E+3	0.00000000E+0
1.013E+3	0.00000000E+0
1.014E+3	0.00000000E+0
1.015E+3	0.00000000E+0
1.016E+3	0.00000000E+0
1.017E+3	0.00000000E+0
1.018E+3	0.00000000E+0
1.019E+3	0.00000000E+0
