WAVELENGTH (nm)	SPECTRAL IRRADIANCE (W.m-2.nm-1)
3.410E+2	0.00000000E+0
3.420E+2	0.00000000E+0
3.430E+2	0.00000000E+0
3.440E+2	0.00000000E+0
3.450E+2	0.00000000E+0
3.460E+2	0.00000000E+0
3.470E+2	0.00000000E+0
3.480E+2	0.00000000E+0
3.490E+2	0.00000000E+0
3.500E+2	0.00000000E+0
3.510E+2	0.00000000E+0
3.520E+2	0.00000000E+0
3.530E+2	0.00000000E+0
3.540E+2	0.00000000E+0
3.550E+2	0.00000000E+0
3.560E+2	0.00000000E+0
3.570E+2	0.00000000E+0
3.580E+2	0.00000000E+0
3.590E+2	0.00000000E+0
3.600E+2	0.00000000E+0
3.610E+2	0.00000000E+0
3.620E+2	0.00000000E+0
3.630E+2	0.00000000E+0
3.640E+2	0.00000000E+0
3.650E+2	0.00000000E+0
3.660E+2	0.00000000E+0
3.670E+2	0.00000000E+0
3.680E+2	0.00000000E+0
3.690E+2	0.00000000E+0
3.700E+2	0.00000000E+0
3.710E+2	0.00000000E+0
3.720E+2	0.00000000E+0
3.730E+2	0.00000000E+0
3.740E+2	0.00000000E+0
3.750E+2	0.00000000E+0
3.760E+2	0.00000000E+0
3.770E+2	0.00000000E+0
3.780E+2	0.00000000E+0
3.790E+2	0.00000000E+0
3.800E+2	0.00000000E+0
3.810E+2	0.00000000E+0
3.820E+2	0.00000000E+0
3.830E+2	0.00000000E+0
3.840E+2	0.00000000E+0
3.850E+2	0.00000000E+0
3.860E+2	0.00000000E+0
3.870E+2	0.00000000E+0
3.880E+2	0.00000000E+0
3.890E+2	0.00000000E+0
3.900E+2	0.00000000E+0
3.910E+2	0.00000000E+0
3.920E+2	0.00000000E+0
3.930E+2	0.00000000E+0
3.940E+2	0.00000000E+0
3.950E+2	0.00000000E+0
3.960E+2	0.00000000E+0
3.970E+2	0.00000000E+0
3.980E+2	0.00000000E+0
3.990E+2	0.00000000E+0
4.000E+2	0.00000000E+0
4.010E+2	0.00000000E+0
4.020E+2	0.00000000E+0
4.030E+2	0.00000000E+0
4.040E+2	0.00000000E+0
4.050E+2	0.00000000E+0
4.060E+2	0.00000000E+0
4.070E+2	0.00000000E+0
4.080E+2	0.00000000E+0
4.090E+2	0.00000000E+0
4.100E+2	0.00000000E+0
4.110E+2	0.00000000E+0
4.120E+2	0.00000000E+0
4.130E+2	0.00000000E+0
4.140E+2	0.00000000E+0
4.150E+2	0.00000000E+0
4.160E+2	0.00000000E+0
4.170E+2	0.00000000E+0
4.180E+2	0.00000000E+0
4.190E+2	0.00000000E+0
4.200E+2	0.00000000E+0
4.210E+2	0.00000000E+0
4.220E+2	0.00000000E+0
4.230E+2	0.00000000E+0
4.240E+2	0.00000000E+0
4.250E+2	0.00000000E+0
4.260E+2	0.00000000E+0
4.270E+2	0.00000000E+0
4.280E+2	0.00000000E+0
4.290E+2	0.00000000E+0
4.300E+2	0.00000000E+0
4.310E+2	0.00000000E+0
4.320E+2	0.00000000E+0
4.330E+2	0.00000000E+0
4.340E+2	0.00000000E+0
4.350E+2	0.00000000E+0
4.360E+2	0.00000000E+0
4.370E+2	0.00000000E+0
4.380E+2	0.00000000E+0
4.390E+2	0.00000000E+0
4.400E+2	0.00000000E+0
4.410E+2	0.00000000E+0
4.420E+2	0.00000000E+0
4.430E+2	0.00000000E+0
4.440E+2	0.00000000E+0
4.450E+2	0.00000000E+0
4.460E+2	0.00000000E+0
4.470E+2	0.00000000E+0
4.480E+2	0.00000000E+0
4.490E+2	0.00000000E+0
4.500E+2	0.00000000E+0
4.510E+2	0.00000000E+0
4.520E+2	0.00000000E+0
4.530E+2	0.00000000E+0
4.540E+2	0.00000000E+0
4.550E+2	0.00000000E+0
4.560E+2	0.00000000E+0
4.570E+2	0.00000000E+0
4.580E+2	0.00000000E+0
4.590E+2	0.00000000E+0
4.600E+2	0.00000000E+0
4.610E+2	0.00000000E+0
4.620E+2	0.00000000E+0
4.630E+2	0.00000000E+0
4.640E+2	0.00000000E+0
4.650E+2	0.00000000E+0
4.660E+2	0.00000000E+0
4.670E+2	0.00000000E+0
4.680E+2	0.00000000E+0
4.690E+2	0.00000000E+0
4.700E+2	0.00000000E+0
4.710E+2	0.00000000E+0
4.720E+2	0.00000000E+0
4.730E+2	0.00000000E+0
4.740E+2	0.00000000E+0
4.750E+2	0.00000000E+0
4.760E+2	0.00000000E+0
4.770E+2	0.00000000E+0
4.780E+2	0.00000000E+0
4.790E+2	0.00000000E+0
4.800E+2	0.00000000E+0
4.810E+2	0.00000000E+0
4.820E+2	0.00000000E+0
4.830E+2	0.00000000E+0
4.840E+2	0.00000000E+0
4.850E+2	0.00000000E+0
4.860E+2	0.00000000E+0
4.870E+2	0.00000000E+0
4.880E+2	0.00000000E+0
4.890E+2	0.00000000E+0
4.900E+2	0.00000000E+0
4.910E+2	0.00000000E+0
4.920E+2	0.00000000E+0
4.930E+2	0.00000000E+0
4.940E+2	0.00000000E+0
4.950E+2	0.00000000E+0
4.960E+2	0.00000000E+0
4.970E+2	0.00000000E+0
4.980E+2	0.00000000E+0
4.990E+2	0.00000000E+0
5.000E+2	0.00000000E+0
5.010E+2	0.00000000E+0
5.020E+2	0.00000000E+0
5.030E+2	0.00000000E+0
5.040E+2	0.00000000E+0
5.050E+2	0.00000000E+0
5.060E+2	0.00000000E+0
5.070E+2	0.00000000E+0
5.080E+2	0.00000000E+0
5.090E+2	0.00000000E+0
5.100E+2	0.00000000E+0
5.110E+2	0.00000000E+0
5.120E+2	0.00000000E+0
5.130E+2	0.00000000E+0
5.140E+2	0.00000000E+0
5.150E+2	0.00000000E+0
5.160E+2	0.00000000E+0
5.170E+2	0.00000000E+0
5.180E+2	0.00000000E+0
5.190E+2	0.00000000E+0
5.200E+2	0.00000000E+0
5.210E+2	0.00000000E+0
5.220E+2	0.00000000E+0
5.230E+2	0.00000000E+0
5.240E+2	0.00000000E+0
5.250E+2	0.00000000E+0
5.260E+2	0.00000000E+0
5.270E+2	0.00000000E+0
5.280E+2	0.00000000E+0
5.290E+2	0.00000000E+0
5.300E+2	0.00000000E+0
5.310E+2	0.00000000E+0
5.320E+2	0.00000000E+0
5.330E+2	0.00000000E+0
5.340E+2	0.00000000E+0
5.350E+2	0.00000000E+0
5.360E+2	0.00000000E+0
5.370E+2	0.00000000E+0
5.380E+2	0.00000000E+0
5.390E+2	0.00000000E+0
5.400E+2	0.00000000E+0
5.410E+2	0.00000000E+0
5.420E+2	0.00000000E+0
5.430E+2	0.00000000E+0
5.440E+2	0.00000000E+0
5.450E+2	0.00000000E+0
5.460E+2	0.00000000E+0
5.470E+2	0.00000000E+0
5.480E+2	0.00000000E+0
5.490E+2	0.00000000E+0
5.500E+2	0.00000000E+0
5.510E+2	0.00000000E+0
5.520E+2	0.00000000E+0
5.530E+2	0.00000000E+0
5.540E+2	0.00000000E+0
5.550E+2	0.00000000E+0
5.560E+2	0.00000000E+0
5.570E+2	0.00000000E+0
5.580E+2	0.00000000E+0
5.590E+2	0.00000000E+0
5.600E+2	0.00000000E+0
5.610E+2	0.00000000E+0
5.620E+2	0.00000000E+0
5.630E+2	0.00000000E+0
5.640E+2	0.00000000E+0
5.650E+2	0.00000000E+0
5.660E+2	0.00000000E+0
5.670E+2	0.00000000E+0
5.680E+2	0.00000000E+0
5.690E+2	0.00000000E+0
5.700E+2	0.00000000E+0
5.710E+2	0.00000000E+0
5.720E+2	0.00000000E+0
5.730E+2	0.00000000E+0
5.740E+2	0.00000000E+0
5.750E+2	0.00000000E+0
5.760E+2	0.00000000E+0
5.770E+2	0.00000000E+0
5.780E+2	0.00000000E+0
5.790E+2	0.00000000E+0
5.800E+2	0.00000000E+0
5.810E+2	0.00000000E+0
5.820E+2	0.00000000E+0
5.830E+2	0.00000000E+0
5.840E+2	0.00000000E+0
5.850E+2	0.00000000E+0
5.860E+2	0.00000000E+0
5.870E+2	0.00000000E+0
5.880E+2	0.00000000E+0
5.890E+2	0.00000000E+0
5.900E+2	0.00000000E+0
5.910E+2	0.00000000E+0
5.920E+2	0.00000000E+0
5.930E+2	0.00000000E+0
5.940E+2	0.00000000E+0
5.950E+2	0.00000000E+0
5.960E+2	0.00000000E+0
5.970E+2	0.00000000E+0
5.980E+2	0.00000000E+0
5.990E+2	0.00000000E+0
6.000E+2	0.00000000E+0
6.010E+2	8.15024033E-6
6.020E+2	3.95201916E-6
6.030E+2	2.67740026E-6
6.040E+2	1.78697483E-5
6.050E+2	9.25638265E-7
6.060E+2	7.00444530E-6
6.070E+2	2.03315848E-6
6.080E+2	7.56096119E-6
6.090E+2	3.64376294E-6
6.100E+2	0.00000000E+0
6.110E+2	2.67740026E-6
6.120E+2	0.00000000E+0
6.130E+2	8.27501625E-7
6.140E+2	7.94279080E-7
6.150E+2	1.40637001E-5
6.160E+2	2.68827031E-6
6.170E+2	1.47863288E-6
6.180E+2	2.58174383E-5
6.190E+2	1.32094061E-5
6.200E+2	0.00000000E+0
6.210E+2	0.00000000E+0
6.220E+2	0.00000000E+0
6.230E+2	0.00000000E+0
6.240E+2	2.39202320E-6
6.250E+2	6.64144690E-6
6.260E+2	3.59783315E-8
6.270E+2	6.00302289E-7
6.280E+2	1.45211608E-5
6.290E+2	4.37251552E-6
6.300E+2	0.00000000E+0
6.310E+2	4.86296575E-6
6.320E+2	0.00000000E+0
6.330E+2	3.27099946E-6
6.340E+2	2.34532792E-5
6.350E+2	6.18674203E-7
6.360E+2	1.64277062E-5
6.370E+2	1.50465975E-5
6.380E+2	6.92314958E-6
6.390E+2	8.31849644E-6
6.400E+2	1.79600636E-5
6.410E+2	1.28889361E-5
6.420E+2	1.25740441E-6
6.430E+2	7.16780223E-6
6.440E+2	8.34130824E-6
6.450E+2	2.34523606E-5
6.460E+2	3.66316794E-5
6.470E+2	3.85897460E-5
6.480E+2	2.18772751E-5
6.490E+2	5.37271314E-5
6.500E+2	4.54201174E-5
6.510E+2	3.18275038E-5
6.520E+2	5.74377987E-5
6.530E+2	4.28330790E-5
6.540E+2	5.68142253E-5
6.550E+2	7.57253550E-5
6.560E+2	6.46948578E-5
6.570E+2	8.59695342E-5
6.580E+2	9.79875217E-5
6.590E+2	1.01732636E-4
6.600E+2	1.14100449E-4
6.610E+2	1.19890957E-4
6.620E+2	1.41790604E-4
6.630E+2	1.47438444E-4
6.640E+2	1.59259998E-4
6.650E+2	1.88107311E-4
6.660E+2	1.96492213E-4
6.670E+2	2.02338462E-4
6.680E+2	2.24289757E-4
6.690E+2	2.44469468E-4
6.700E+2	2.83768909E-4
6.710E+2	2.83392684E-4
6.720E+2	3.24916884E-4
6.730E+2	3.57941837E-4
6.740E+2	3.74836889E-4
6.750E+2	3.87925999E-4
6.760E+2	4.58814748E-4
6.770E+2	4.85265671E-4
6.780E+2	5.32262212E-4
6.790E+2	5.46561565E-4
6.800E+2	5.84284057E-4
6.810E+2	6.75079333E-4
6.820E+2	6.69223326E-4
6.830E+2	7.58954789E-4
6.840E+2	8.26761050E-4
6.850E+2	9.14095857E-4
6.860E+2	9.78818832E-4
6.870E+2	1.07225120E-3
6.880E+2	1.17305166E-3
6.890E+2	1.30270098E-3
6.900E+2	1.37520134E-3
6.910E+2	1.49686799E-3
6.920E+2	1.66660418E-3
6.930E+2	1.82400531E-3
6.940E+2	1.97661186E-3
6.950E+2	2.11198251E-3
6.960E+2	2.40554333E-3
6.970E+2	2.49688545E-3
6.980E+2	2.73874659E-3
6.990E+2	2.90015567E-3
7.000E+2	3.24206226E-3
7.010E+2	3.39545464E-3
7.020E+2	3.88699895E-3
7.030E+2	4.05409869E-3
7.040E+2	4.44553820E-3
7.050E+2	4.67449801E-3
7.060E+2	5.28208486E-3
7.070E+2	5.55594779E-3
7.080E+2	6.09218866E-3
7.090E+2	6.34227531E-3
7.100E+2	7.12993085E-3
7.110E+2	7.36700890E-3
7.120E+2	8.13954548E-3
7.130E+2	8.39658102E-3
7.140E+2	9.32306123E-3
7.150E+2	9.82296485E-3
7.160E+2	1.03486204E-2
7.170E+2	1.10959868E-2
7.180E+2	1.18388687E-2
7.190E+2	1.28673257E-2
7.200E+2	1.33604296E-2
7.210E+2	1.42249068E-2
7.220E+2	1.49396575E-2
7.230E+2	1.59950182E-2
7.240E+2	1.68125350E-2
7.250E+2	1.78144531E-2
7.260E+2	1.82739835E-2
7.270E+2	1.90795298E-2
7.280E+2	1.96414112E-2
7.290E+2	2.00661199E-2
7.300E+2	2.06910070E-2
7.310E+2	2.09930908E-2
7.320E+2	2.13098118E-2
7.330E+2	2.14651829E-2
7.340E+2	2.14705193E-2
7.350E+2	2.17299635E-2
7.360E+2	2.12479359E-2
7.370E+2	2.09079680E-2
7.380E+2	2.04795984E-2
7.390E+2	1.93191421E-2
7.400E+2	1.80899458E-2
7.410E+2	1.70507014E-2
7.420E+2	1.50723717E-2
7.430E+2	1.37837142E-2
7.440E+2	1.14125097E-2
7.450E+2	1.01799455E-2
7.460E+2	8.43522914E-3
7.470E+2	7.30188748E-3
7.480E+2	6.10571821E-3
7.490E+2	5.03921725E-3
7.500E+2	4.61257083E-3
7.510E+2	3.66584754E-3
7.520E+2	3.13675145E-3
7.530E+2	2.78836668E-3
7.540E+2	2.33159196E-3
7.550E+2	1.98371008E-3
7.560E+2	1.63453633E-3
7.570E+2	1.36015463E-3
7.580E+2	1.15884722E-3
7.590E+2	9.26663641E-4
7.600E+2	7.71529195E-4
7.610E+2	6.67257226E-4
7.620E+2	5.72332052E-4
7.630E+2	4.68885650E-4
7.640E+2	4.14080560E-4
7.650E+2	3.21628580E-4
7.660E+2	2.67445201E-4
7.670E+2	2.59300319E-4
7.680E+2	2.10766605E-4
7.690E+2	1.59042987E-4
7.700E+2	1.46075422E-4
7.710E+2	1.39220789E-4
7.720E+2	1.05958845E-4
7.730E+2	9.46410776E-5
7.740E+2	5.39252419E-5
7.750E+2	7.49736097E-5
7.760E+2	5.19430794E-5
7.770E+2	4.55940163E-5
7.780E+2	5.36606863E-5
7.790E+2	5.83162963E-5
7.800E+2	3.05224298E-5
7.810E+2	9.55172509E-6
7.820E+2	1.66229078E-5
7.830E+2	2.93396126E-5
7.840E+2	2.67540560E-5
7.850E+2	9.52967879E-6
7.860E+2	6.14707540E-6
7.870E+2	2.13518384E-5
7.880E+2	0.00000000E+0
7.890E+2	0.00000000E+0
7.900E+2	1.56561951E-5
7.910E+2	8.43025892E-6
7.920E+2	3.63361464E-6
7.930E+2	4.52718954E-6
7.940E+2	3.61592670E-6
7.950E+2	5.24911828E-8
7.960E+2	0.00000000E+0
7.970E+2	0.00000000E+0
7.980E+2	1.39976487E-5
7.990E+2	5.24911828E-8
8.000E+2	1.21585327E-5
8.010E+2	7.40125677E-7
8.020E+2	2.29645425E-5
8.030E+2	0.00000000E+0
8.040E+2	6.14496779E-7
8.050E+2	0.00000000E+0
8.060E+2	0.00000000E+0
8.070E+2	2.39674740E-6
8.080E+2	0.00000000E+0
8.090E+2	1.33555066E-6
8.100E+2	1.18939771E-5
8.110E+2	0.00000000E+0
8.120E+2	0.00000000E+0
8.130E+2	1.64979787E-6
8.140E+2	0.00000000E+0
8.150E+2	0.00000000E+0
8.160E+2	0.00000000E+0
8.170E+2	1.21499591E-6
8.180E+2	0.00000000E+0
8.190E+2	0.00000000E+0
8.200E+2	1.51034630E-6
8.210E+2	1.36494135E-5
8.220E+2	4.60872585E-7
8.230E+2	9.53134896E-6
8.240E+2	3.22610809E-7
8.250E+2	1.42602796E-5
8.260E+2	5.01553251E-6
8.270E+2	0.00000000E+0
8.280E+2	0.00000000E+0
8.290E+2	4.12706675E-6
8.300E+2	5.01810458E-6
8.310E+2	3.05988601E-6
8.320E+2	0.00000000E+0
8.330E+2	0.00000000E+0
8.340E+2	0.00000000E+0
8.350E+2	0.00000000E+0
8.360E+2	0.00000000E+0
8.370E+2	0.00000000E+0
8.380E+2	0.00000000E+0
8.390E+2	0.00000000E+0
8.400E+2	0.00000000E+0
8.410E+2	0.00000000E+0
8.420E+2	0.00000000E+0
8.430E+2	0.00000000E+0
8.440E+2	0.00000000E+0
8.450E+2	0.00000000E+0
8.460E+2	0.00000000E+0
8.470E+2	0.00000000E+0
8.480E+2	0.00000000E+0
8.490E+2	0.00000000E+0
8.500E+2	0.00000000E+0
8.510E+2	0.00000000E+0
8.520E+2	0.00000000E+0
8.530E+2	0.00000000E+0
8.540E+2	0.00000000E+0
8.550E+2	0.00000000E+0
8.560E+2	0.00000000E+0
8.570E+2	0.00000000E+0
8.580E+2	0.00000000E+0
8.590E+2	0.00000000E+0
8.600E+2	0.00000000E+0
8.610E+2	0.00000000E+0
8.620E+2	0.00000000E+0
8.630E+2	0.00000000E+0
8.640E+2	0.00000000E+0
8.650E+2	0.00000000E+0
8.660E+2	0.00000000E+0
8.670E+2	0.00000000E+0
8.680E+2	0.00000000E+0
8.690E+2	0.00000000E+0
8.700E+2	0.00000000E+0
8.710E+2	0.00000000E+0
8.720E+2	0.00000000E+0
8.730E+2	0.00000000E+0
8.740E+2	0.00000000E+0
8.750E+2	0.00000000E+0
8.760E+2	0.00000000E+0
8.770E+2	0.00000000E+0
8.780E+2	0.00000000E+0
8.790E+2	0.00000000E+0
8.800E+2	0.00000000E+0
8.810E+2	0.00000000E+0
8.820E+2	0.00000000E+0
8.830E+2	0.00000000E+0
8.840E+2	0.00000000E+0
8.850E+2	0.00000000E+0
8.860E+2	0.00000000E+0
8.870E+2	0.00000000E+0
8.880E+2	0.00000000E+0
8.890E+2	0.00000000E+0
8.900E+2	0.00000000E+0
8.910E+2	0.00000000E+0
8.920E+2	0.00000000E+0
8.930E+2	0.00000000E+0
8.940E+2	0.00000000E+0
8.950E+2	0.00000000E+0
8.960E+2	0.00000000E+0
8.970E+2	0.00000000E+0
8.980E+2	0.00000000E+0
8.990E+2	0.00000000E+0
9.000E+2	0.00000000E+0
9.010E+2	0.00000000E+0
9.020E+2	0.00000000E+0
9.030E+2	0.00000000E+0
9.040E+2	0.00000000E+0
9.050E+2	0.00000000E+0
9.060E+2	0.00000000E+0
9.070E+2	0.00000000E+0
9.080E+2	0.00000000E+0
9.090E+2	0.00000000E+0
9.100E+2	0.00000000E+0
9.110E+2	0.00000000E+0
9.120E+2	0.00000000E+0
9.130E+2	0.00000000E+0
9.140E+2	0.00000000E+0
9.150E+2	0.00000000E+0
9.160E+2	0.00000000E+0
9.170E+2	0.00000000E+0
9.180E+2	0.00000000E+0
9.190E+2	0.00000000E+0
9.200E+2	0.00000000E+0
9.210E+2	0.00000000E+0
9.220E+2	0.00000000E+0
9.230E+2	0.00000000E+0
9.240E+2	0.00000000E+0
9.250E+2	0.00000000E+0
9.260E+2	0.00000000E+0
9.270E+2	0.00000000E+0
9.280E+2	0.00000000E+0
9.290E+2	0.00000000E+0
9.300E+2	0.00000000E+0
9.310E+2	0.00000000E+0
9.320E+2	0.00000000E+0
9.330E+2	0.00000000E+0
9.340E+2	0.00000000E+0
9.350E+2	0.00000000E+0
9.360E+2	0.00000000E+0
9.370E+2	0.00000000E+0
9.380E+2	0.00000000E+0
9.390E+2	0.00000000E+0
9.400E+2	0.00000000E+0
9.410E+2	0.00000000E+0
9.420E+2	0.00000000E+0
9.430E+2	0.00000000E+0
9.440E+2	0.00000000E+0
9.450E+2	0.00000000E+0
9.460E+2	0.00000000E+0
9.470E+2	0.00000000E+0
9.480E+2	0.00000000E+0
9.490E+2	0.00000000E+0
9.500E+2	0.00000000E+0
9.510E+2	0.00000000E+0
9.520E+2	0.00000000E+0
9.530E+2	0.00000000E+0
9.540E+2	0.00000000E+0
9.550E+2	0.00000000E+0
9.560E+2	0.00000000E+0
9.570E+2	0.00000000E+0
9.580E+2	0.00000000E+0
9.590E+2	0.00000000E+0
9.600E+2	0.00000000E+0
9.610E+2	0.00000000E+0
9.620E+2	0.00000000E+0
9.630E+2	0.00000000E+0
9.640E+2	0.00000000E+0
9.650E+2	0.00000000E+0
9.660E+2	0.00000000E+0
9.670E+2	0.00000000E+0
9.680E+2	0.00000000E+0
9.690E+2	0.00000000E+0
9.700E+2	0.00000000E+0
9.710E+2	0.00000000E+0
9.720E+2	0.00000000E+0
9.730E+2	0.00000000E+0
9.740E+2	0.00000000E+0
9.750E+2	0.00000000E+0
9.760E+2	0.00000000E+0
9.770E+2	0.00000000E+0
9.780E+2	0.00000000E+0
9.790E+2	0.00000000E+0
9.800E+2	0.00000000E+0
9.810E+2	0.00000000E+0
9.820E+2	0.00000000E+0
9.830E+2	0.00000000E+0
9.840E+2	0.00000000E+0
9.850E+2	0.00000000E+0
9.860E+2	0.00000000E+0
9.870E+2	0.00000000E+0
9.880E+2	0.00000000E+0
9.890E+2	0.00000000E+0
9.900E+2	0.00000000E+0
9.910E+2	0.00000000E+0
9.920E+2	0.00000000E+0
9.930E+2	0.00000000E+0
9.940E+2	0.00000000E+0
9.950E+2	0.00000000E+0
9.960E+2	0.00000000E+0
9.970E+2	0.00000000E+0
9.980E+2	0.00000000E+0
9.990E+2	0.00000000E+0
1.000E+3	0.00000000E+0
1.001E+3	0.00000000E+0
1.002E+3	0.00000000E+0
1.003E+3	0.00000000E+0
1.004E+3	0.00000000E+0
1.005E+3	0.00000000E+0
1.006E+3	0.00000000E+0
1.007E+3	0.00000000E+0
1.008E+3	0.00000000E+0
1.009E+3	0.00000000E+0
1.010E+3	0.00000000E+0
1.011E+3	0.00000000E+0
1.012E+3	0.00000000E+0
1.013E+3	0.00000000E+0
1.014E+3	0.00000000E+0
1.015E+3	0.00000000E+0
1.016E+3	0.00000000E+0
1.017E+3	0.00000000E+0
1.018E+3	0.00000000E+0
1.019E+3	0.00000000E+0
