WAVELENGTH (nm)	SPECTRAL IRRADIANCE (W.m-2.nm-1)
3.410E+2	0.00000000E+0
3.420E+2	0.00000000E+0
3.430E+2	0.00000000E+0
3.440E+2	0.00000000E+0
3.450E+2	0.00000000E+0
3.460E+2	0.00000000E+0
3.470E+2	0.00000000E+0
3.480E+2	0.00000000E+0
3.490E+2	0.00000000E+0
3.500E+2	0.00000000E+0
3.510E+2	0.00000000E+0
3.520E+2	0.00000000E+0
3.530E+2	0.00000000E+0
3.540E+2	0.00000000E+0
3.550E+2	0.00000000E+0
3.560E+2	0.00000000E+0
3.570E+2	0.00000000E+0
3.580E+2	0.00000000E+0
3.590E+2	0.00000000E+0
3.600E+2	0.00000000E+0
3.610E+2	0.00000000E+0
3.620E+2	0.00000000E+0
3.630E+2	0.00000000E+0
3.640E+2	0.00000000E+0
3.650E+2	0.00000000E+0
3.660E+2	0.00000000E+0
3.670E+2	0.00000000E+0
3.680E+2	0.00000000E+0
3.690E+2	0.00000000E+0
3.700E+2	0.00000000E+0
3.710E+2	0.00000000E+0
3.720E+2	0.00000000E+0
3.730E+2	0.00000000E+0
3.740E+2	0.00000000E+0
3.750E+2	0.00000000E+0
3.760E+2	0.00000000E+0
3.770E+2	0.00000000E+0
3.780E+2	0.00000000E+0
3.790E+2	0.00000000E+0
3.800E+2	0.00000000E+0
3.810E+2	0.00000000E+0
3.820E+2	0.00000000E+0
3.830E+2	0.00000000E+0
3.840E+2	0.00000000E+0
3.850E+2	0.00000000E+0
3.860E+2	0.00000000E+0
3.870E+2	0.00000000E+0
3.880E+2	0.00000000E+0
3.890E+2	0.00000000E+0
3.900E+2	0.00000000E+0
3.910E+2	0.00000000E+0
3.920E+2	0.00000000E+0
3.930E+2	0.00000000E+0
3.940E+2	0.00000000E+0
3.950E+2	0.00000000E+0
3.960E+2	0.00000000E+0
3.970E+2	0.00000000E+0
3.980E+2	0.00000000E+0
3.990E+2	0.00000000E+0
4.000E+2	0.00000000E+0
4.010E+2	0.00000000E+0
4.020E+2	0.00000000E+0
4.030E+2	0.00000000E+0
4.040E+2	0.00000000E+0
4.050E+2	0.00000000E+0
4.060E+2	0.00000000E+0
4.070E+2	0.00000000E+0
4.080E+2	0.00000000E+0
4.090E+2	0.00000000E+0
4.100E+2	0.00000000E+0
4.110E+2	0.00000000E+0
4.120E+2	0.00000000E+0
4.130E+2	0.00000000E+0
4.140E+2	0.00000000E+0
4.150E+2	0.00000000E+0
4.160E+2	0.00000000E+0
4.170E+2	0.00000000E+0
4.180E+2	0.00000000E+0
4.190E+2	0.00000000E+0
4.200E+2	0.00000000E+0
4.210E+2	0.00000000E+0
4.220E+2	0.00000000E+0
4.230E+2	0.00000000E+0
4.240E+2	0.00000000E+0
4.250E+2	0.00000000E+0
4.260E+2	0.00000000E+0
4.270E+2	0.00000000E+0
4.280E+2	0.00000000E+0
4.290E+2	0.00000000E+0
4.300E+2	0.00000000E+0
4.310E+2	0.00000000E+0
4.320E+2	0.00000000E+0
4.330E+2	0.00000000E+0
4.340E+2	0.00000000E+0
4.350E+2	0.00000000E+0
4.360E+2	0.00000000E+0
4.370E+2	0.00000000E+0
4.380E+2	0.00000000E+0
4.390E+2	0.00000000E+0
4.400E+2	0.00000000E+0
4.410E+2	0.00000000E+0
4.420E+2	0.00000000E+0
4.430E+2	0.00000000E+0
4.440E+2	0.00000000E+0
4.450E+2	0.00000000E+0
4.460E+2	0.00000000E+0
4.470E+2	0.00000000E+0
4.480E+2	0.00000000E+0
4.490E+2	0.00000000E+0
4.500E+2	0.00000000E+0
4.510E+2	0.00000000E+0
4.520E+2	0.00000000E+0
4.530E+2	0.00000000E+0
4.540E+2	0.00000000E+0
4.550E+2	0.00000000E+0
4.560E+2	0.00000000E+0
4.570E+2	0.00000000E+0
4.580E+2	0.00000000E+0
4.590E+2	0.00000000E+0
4.600E+2	0.00000000E+0
4.610E+2	0.00000000E+0
4.620E+2	0.00000000E+0
4.630E+2	0.00000000E+0
4.640E+2	0.00000000E+0
4.650E+2	0.00000000E+0
4.660E+2	0.00000000E+0
4.670E+2	0.00000000E+0
4.680E+2	0.00000000E+0
4.690E+2	0.00000000E+0
4.700E+2	0.00000000E+0
4.710E+2	0.00000000E+0
4.720E+2	0.00000000E+0
4.730E+2	0.00000000E+0
4.740E+2	0.00000000E+0
4.750E+2	0.00000000E+0
4.760E+2	0.00000000E+0
4.770E+2	0.00000000E+0
4.780E+2	0.00000000E+0
4.790E+2	0.00000000E+0
4.800E+2	0.00000000E+0
4.810E+2	0.00000000E+0
4.820E+2	0.00000000E+0
4.830E+2	0.00000000E+0
4.840E+2	0.00000000E+0
4.850E+2	0.00000000E+0
4.860E+2	0.00000000E+0
4.870E+2	0.00000000E+0
4.880E+2	0.00000000E+0
4.890E+2	0.00000000E+0
4.900E+2	0.00000000E+0
4.910E+2	0.00000000E+0
4.920E+2	0.00000000E+0
4.930E+2	0.00000000E+0
4.940E+2	0.00000000E+0
4.950E+2	0.00000000E+0
4.960E+2	0.00000000E+0
4.970E+2	0.00000000E+0
4.980E+2	0.00000000E+0
4.990E+2	0.00000000E+0
5.000E+2	0.00000000E+0
5.010E+2	0.00000000E+0
5.020E+2	2.36510830E-5
5.030E+2	3.18011958E-6
5.040E+2	1.04192984E-5
5.050E+2	0.00000000E+0
5.060E+2	0.00000000E+0
5.070E+2	2.37235231E-5
5.080E+2	0.00000000E+0
5.090E+2	0.00000000E+0
5.100E+2	1.30693981E-6
5.110E+2	2.59214759E-5
5.120E+2	0.00000000E+0
5.130E+2	4.01060166E-5
5.140E+2	1.20582553E-6
5.150E+2	0.00000000E+0
5.160E+2	0.00000000E+0
5.170E+2	0.00000000E+0
5.180E+2	0.00000000E+0
5.190E+2	0.00000000E+0
5.200E+2	0.00000000E+0
5.210E+2	0.00000000E+0
5.220E+2	1.44004846E-5
5.230E+2	6.08289024E-6
5.240E+2	1.43329946E-6
5.250E+2	4.04095647E-5
5.260E+2	0.00000000E+0
5.270E+2	0.00000000E+0
5.280E+2	1.46983823E-5
5.290E+2	1.24115697E-5
5.300E+2	0.00000000E+0
5.310E+2	0.00000000E+0
5.320E+2	0.00000000E+0
5.330E+2	1.08988518E-5
5.340E+2	0.00000000E+0
5.350E+2	9.92322873E-6
5.360E+2	0.00000000E+0
5.370E+2	0.00000000E+0
5.380E+2	0.00000000E+0
5.390E+2	1.66096052E-5
5.400E+2	0.00000000E+0
5.410E+2	1.08737392E-5
5.420E+2	0.00000000E+0
5.430E+2	9.41721062E-8
5.440E+2	0.00000000E+0
5.450E+2	0.00000000E+0
5.460E+2	0.00000000E+0
5.470E+2	1.12064806E-5
5.480E+2	1.51704985E-5
5.490E+2	3.03966632E-6
5.500E+2	5.88418710E-6
5.510E+2	6.12432597E-6
5.520E+2	2.09344592E-5
5.530E+2	5.44942588E-6
5.540E+2	0.00000000E+0
5.550E+2	2.59563437E-5
5.560E+2	6.63913348E-7
5.570E+2	3.29467392E-5
5.580E+2	3.28221181E-6
5.590E+2	0.00000000E+0
5.600E+2	2.54063786E-5
5.610E+2	5.31778112E-5
5.620E+2	5.21311667E-5
5.630E+2	8.49856172E-5
5.640E+2	1.34134039E-4
5.650E+2	1.18398861E-4
5.660E+2	1.49147270E-4
5.670E+2	1.35749405E-4
5.680E+2	1.43627529E-4
5.690E+2	1.97078675E-4
5.700E+2	2.19308851E-4
5.710E+2	2.68913786E-4
5.720E+2	3.21287288E-4
5.730E+2	3.69423047E-4
5.740E+2	4.15745992E-4
5.750E+2	4.94003980E-4
5.760E+2	5.11139196E-4
5.770E+2	5.81941108E-4
5.780E+2	6.86923675E-4
5.790E+2	7.83771551E-4
5.800E+2	8.56171981E-4
5.810E+2	9.88686784E-4
5.820E+2	1.09429463E-3
5.830E+2	1.27761570E-3
5.840E+2	1.45231814E-3
5.850E+2	1.70349917E-3
5.860E+2	1.90741928E-3
5.870E+2	2.17442263E-3
5.880E+2	2.45879445E-3
5.890E+2	2.77851346E-3
5.900E+2	3.19403219E-3
5.910E+2	3.65613722E-3
5.920E+2	4.13849097E-3
5.930E+2	4.68479154E-3
5.940E+2	5.28400912E-3
5.950E+2	5.85641941E-3
5.960E+2	6.87510066E-3
5.970E+2	7.64670973E-3
5.980E+2	8.75404966E-3
5.990E+2	9.93111376E-3
6.000E+2	1.13396034E-2
6.010E+2	1.26487546E-2
6.020E+2	1.43043487E-2
6.030E+2	1.64320280E-2
6.040E+2	1.85724066E-2
6.050E+2	2.08819373E-2
6.060E+2	2.31943416E-2
6.070E+2	2.60378981E-2
6.080E+2	2.85484195E-2
6.090E+2	3.16116847E-2
6.100E+2	3.51462157E-2
6.110E+2	3.80376701E-2
6.120E+2	4.03847176E-2
6.130E+2	4.25882141E-2
6.140E+2	4.42727660E-2
6.150E+2	4.62115277E-2
6.160E+2	4.71304837E-2
6.170E+2	4.76675966E-2
6.180E+2	4.70286578E-2
6.190E+2	4.52631100E-2
6.200E+2	4.24203981E-2
6.210E+2	3.76859063E-2
6.220E+2	3.09754125E-2
6.230E+2	2.55413220E-2
6.240E+2	2.02957408E-2
6.250E+2	1.65246656E-2
6.260E+2	1.33216339E-2
6.270E+2	1.07592239E-2
6.280E+2	8.67080250E-3
6.290E+2	7.03289060E-3
6.300E+2	5.70297904E-3
6.310E+2	4.62481192E-3
6.320E+2	3.70033203E-3
6.330E+2	3.03277037E-3
6.340E+2	2.32224555E-3
6.350E+2	1.86774383E-3
6.360E+2	1.54010207E-3
6.370E+2	1.22543807E-3
6.380E+2	1.03854470E-3
6.390E+2	8.24727261E-4
6.400E+2	7.26883779E-4
6.410E+2	6.07894593E-4
6.420E+2	5.33627221E-4
6.430E+2	4.55010188E-4
6.440E+2	3.43155634E-4
6.450E+2	2.58792795E-4
6.460E+2	2.64620547E-4
6.470E+2	2.35998241E-4
6.480E+2	1.38174023E-4
6.490E+2	1.45184613E-4
6.500E+2	1.28777085E-4
6.510E+2	1.32419061E-4
6.520E+2	1.09582979E-5
6.530E+2	3.93816829E-5
6.540E+2	1.82556552E-5
6.550E+2	0.00000000E+0
6.560E+2	4.43432905E-5
6.570E+2	4.13964883E-5
6.580E+2	2.15771838E-5
6.590E+2	3.04568287E-5
6.600E+2	3.55397340E-6
6.610E+2	6.74388289E-6
6.620E+2	3.92926573E-5
6.630E+2	0.00000000E+0
6.640E+2	6.83794126E-6
6.650E+2	9.28311773E-6
6.660E+2	4.55949947E-6
6.670E+2	0.00000000E+0
6.680E+2	0.00000000E+0
6.690E+2	0.00000000E+0
6.700E+2	2.03568703E-5
6.710E+2	8.30898235E-6
6.720E+2	1.37880247E-6
6.730E+2	0.00000000E+0
6.740E+2	6.12801097E-7
6.750E+2	0.00000000E+0
6.760E+2	3.56891810E-5
6.770E+2	0.00000000E+0
6.780E+2	2.85655389E-5
6.790E+2	0.00000000E+0
6.800E+2	0.00000000E+0
6.810E+2	0.00000000E+0
6.820E+2	0.00000000E+0
6.830E+2	0.00000000E+0
6.840E+2	0.00000000E+0
6.850E+2	0.00000000E+0
6.860E+2	0.00000000E+0
6.870E+2	0.00000000E+0
6.880E+2	0.00000000E+0
6.890E+2	0.00000000E+0
6.900E+2	1.02360985E-7
6.910E+2	0.00000000E+0
6.920E+2	1.24389069E-5
6.930E+2	1.17206740E-5
6.940E+2	0.00000000E+0
6.950E+2	0.00000000E+0
6.960E+2	0.00000000E+0
6.970E+2	0.00000000E+0
6.980E+2	0.00000000E+0
6.990E+2	5.22109264E-6
7.000E+2	0.00000000E+0
7.010E+2	0.00000000E+0
7.020E+2	0.00000000E+0
7.030E+2	0.00000000E+0
7.040E+2	0.00000000E+0
7.050E+2	0.00000000E+0
7.060E+2	0.00000000E+0
7.070E+2	0.00000000E+0
7.080E+2	0.00000000E+0
7.090E+2	0.00000000E+0
7.100E+2	0.00000000E+0
7.110E+2	0.00000000E+0
7.120E+2	0.00000000E+0
7.130E+2	0.00000000E+0
7.140E+2	0.00000000E+0
7.150E+2	0.00000000E+0
7.160E+2	0.00000000E+0
7.170E+2	0.00000000E+0
7.180E+2	0.00000000E+0
7.190E+2	0.00000000E+0
7.200E+2	0.00000000E+0
7.210E+2	0.00000000E+0
7.220E+2	0.00000000E+0
7.230E+2	0.00000000E+0
7.240E+2	0.00000000E+0
7.250E+2	0.00000000E+0
7.260E+2	0.00000000E+0
7.270E+2	0.00000000E+0
7.280E+2	0.00000000E+0
7.290E+2	0.00000000E+0
7.300E+2	0.00000000E+0
7.310E+2	0.00000000E+0
7.320E+2	0.00000000E+0
7.330E+2	0.00000000E+0
7.340E+2	0.00000000E+0
7.350E+2	0.00000000E+0
7.360E+2	0.00000000E+0
7.370E+2	0.00000000E+0
7.380E+2	0.00000000E+0
7.390E+2	0.00000000E+0
7.400E+2	0.00000000E+0
7.410E+2	0.00000000E+0
7.420E+2	0.00000000E+0
7.430E+2	0.00000000E+0
7.440E+2	0.00000000E+0
7.450E+2	0.00000000E+0
7.460E+2	0.00000000E+0
7.470E+2	0.00000000E+0
7.480E+2	0.00000000E+0
7.490E+2	0.00000000E+0
7.500E+2	0.00000000E+0
7.510E+2	0.00000000E+0
7.520E+2	0.00000000E+0
7.530E+2	0.00000000E+0
7.540E+2	0.00000000E+0
7.550E+2	0.00000000E+0
7.560E+2	0.00000000E+0
7.570E+2	0.00000000E+0
7.580E+2	0.00000000E+0
7.590E+2	0.00000000E+0
7.600E+2	0.00000000E+0
7.610E+2	0.00000000E+0
7.620E+2	0.00000000E+0
7.630E+2	0.00000000E+0
7.640E+2	0.00000000E+0
7.650E+2	0.00000000E+0
7.660E+2	0.00000000E+0
7.670E+2	0.00000000E+0
7.680E+2	0.00000000E+0
7.690E+2	0.00000000E+0
7.700E+2	0.00000000E+0
7.710E+2	0.00000000E+0
7.720E+2	0.00000000E+0
7.730E+2	0.00000000E+0
7.740E+2	0.00000000E+0
7.750E+2	0.00000000E+0
7.760E+2	0.00000000E+0
7.770E+2	0.00000000E+0
7.780E+2	0.00000000E+0
7.790E+2	0.00000000E+0
7.800E+2	0.00000000E+0
7.810E+2	0.00000000E+0
7.820E+2	0.00000000E+0
7.830E+2	0.00000000E+0
7.840E+2	0.00000000E+0
7.850E+2	0.00000000E+0
7.860E+2	0.00000000E+0
7.870E+2	0.00000000E+0
7.880E+2	0.00000000E+0
7.890E+2	0.00000000E+0
7.900E+2	0.00000000E+0
7.910E+2	0.00000000E+0
7.920E+2	0.00000000E+0
7.930E+2	0.00000000E+0
7.940E+2	0.00000000E+0
7.950E+2	0.00000000E+0
7.960E+2	0.00000000E+0
7.970E+2	0.00000000E+0
7.980E+2	0.00000000E+0
7.990E+2	0.00000000E+0
8.000E+2	0.00000000E+0
8.010E+2	0.00000000E+0
8.020E+2	0.00000000E+0
8.030E+2	0.00000000E+0
8.040E+2	0.00000000E+0
8.050E+2	0.00000000E+0
8.060E+2	0.00000000E+0
8.070E+2	0.00000000E+0
8.080E+2	0.00000000E+0
8.090E+2	0.00000000E+0
8.100E+2	0.00000000E+0
8.110E+2	0.00000000E+0
8.120E+2	0.00000000E+0
8.130E+2	0.00000000E+0
8.140E+2	0.00000000E+0
8.150E+2	0.00000000E+0
8.160E+2	0.00000000E+0
8.170E+2	0.00000000E+0
8.180E+2	0.00000000E+0
8.190E+2	0.00000000E+0
8.200E+2	0.00000000E+0
8.210E+2	0.00000000E+0
8.220E+2	0.00000000E+0
8.230E+2	0.00000000E+0
8.240E+2	0.00000000E+0
8.250E+2	0.00000000E+0
8.260E+2	0.00000000E+0
8.270E+2	0.00000000E+0
8.280E+2	0.00000000E+0
8.290E+2	0.00000000E+0
8.300E+2	0.00000000E+0
8.310E+2	0.00000000E+0
8.320E+2	0.00000000E+0
8.330E+2	0.00000000E+0
8.340E+2	0.00000000E+0
8.350E+2	0.00000000E+0
8.360E+2	0.00000000E+0
8.370E+2	0.00000000E+0
8.380E+2	0.00000000E+0
8.390E+2	0.00000000E+0
8.400E+2	0.00000000E+0
8.410E+2	0.00000000E+0
8.420E+2	0.00000000E+0
8.430E+2	0.00000000E+0
8.440E+2	0.00000000E+0
8.450E+2	0.00000000E+0
8.460E+2	0.00000000E+0
8.470E+2	0.00000000E+0
8.480E+2	0.00000000E+0
8.490E+2	0.00000000E+0
8.500E+2	0.00000000E+0
8.510E+2	0.00000000E+0
8.520E+2	0.00000000E+0
8.530E+2	0.00000000E+0
8.540E+2	0.00000000E+0
8.550E+2	0.00000000E+0
8.560E+2	0.00000000E+0
8.570E+2	0.00000000E+0
8.580E+2	0.00000000E+0
8.590E+2	0.00000000E+0
8.600E+2	0.00000000E+0
8.610E+2	0.00000000E+0
8.620E+2	0.00000000E+0
8.630E+2	0.00000000E+0
8.640E+2	0.00000000E+0
8.650E+2	0.00000000E+0
8.660E+2	0.00000000E+0
8.670E+2	0.00000000E+0
8.680E+2	0.00000000E+0
8.690E+2	0.00000000E+0
8.700E+2	0.00000000E+0
8.710E+2	0.00000000E+0
8.720E+2	0.00000000E+0
8.730E+2	0.00000000E+0
8.740E+2	0.00000000E+0
8.750E+2	0.00000000E+0
8.760E+2	0.00000000E+0
8.770E+2	0.00000000E+0
8.780E+2	0.00000000E+0
8.790E+2	0.00000000E+0
8.800E+2	0.00000000E+0
8.810E+2	0.00000000E+0
8.820E+2	0.00000000E+0
8.830E+2	0.00000000E+0
8.840E+2	0.00000000E+0
8.850E+2	0.00000000E+0
8.860E+2	0.00000000E+0
8.870E+2	0.00000000E+0
8.880E+2	0.00000000E+0
8.890E+2	0.00000000E+0
8.900E+2	0.00000000E+0
8.910E+2	0.00000000E+0
8.920E+2	0.00000000E+0
8.930E+2	0.00000000E+0
8.940E+2	0.00000000E+0
8.950E+2	0.00000000E+0
8.960E+2	0.00000000E+0
8.970E+2	0.00000000E+0
8.980E+2	0.00000000E+0
8.990E+2	0.00000000E+0
9.000E+2	0.00000000E+0
9.010E+2	0.00000000E+0
9.020E+2	0.00000000E+0
9.030E+2	0.00000000E+0
9.040E+2	0.00000000E+0
9.050E+2	0.00000000E+0
9.060E+2	0.00000000E+0
9.070E+2	0.00000000E+0
9.080E+2	0.00000000E+0
9.090E+2	0.00000000E+0
9.100E+2	0.00000000E+0
9.110E+2	0.00000000E+0
9.120E+2	0.00000000E+0
9.130E+2	0.00000000E+0
9.140E+2	0.00000000E+0
9.150E+2	0.00000000E+0
9.160E+2	0.00000000E+0
9.170E+2	0.00000000E+0
9.180E+2	0.00000000E+0
9.190E+2	0.00000000E+0
9.200E+2	0.00000000E+0
9.210E+2	0.00000000E+0
9.220E+2	0.00000000E+0
9.230E+2	0.00000000E+0
9.240E+2	0.00000000E+0
9.250E+2	0.00000000E+0
9.260E+2	0.00000000E+0
9.270E+2	0.00000000E+0
9.280E+2	0.00000000E+0
9.290E+2	0.00000000E+0
9.300E+2	0.00000000E+0
9.310E+2	0.00000000E+0
9.320E+2	0.00000000E+0
9.330E+2	0.00000000E+0
9.340E+2	0.00000000E+0
9.350E+2	0.00000000E+0
9.360E+2	0.00000000E+0
9.370E+2	0.00000000E+0
9.380E+2	0.00000000E+0
9.390E+2	0.00000000E+0
9.400E+2	0.00000000E+0
9.410E+2	0.00000000E+0
9.420E+2	0.00000000E+0
9.430E+2	0.00000000E+0
9.440E+2	0.00000000E+0
9.450E+2	0.00000000E+0
9.460E+2	0.00000000E+0
9.470E+2	0.00000000E+0
9.480E+2	0.00000000E+0
9.490E+2	0.00000000E+0
9.500E+2	0.00000000E+0
9.510E+2	0.00000000E+0
9.520E+2	0.00000000E+0
9.530E+2	0.00000000E+0
9.540E+2	0.00000000E+0
9.550E+2	0.00000000E+0
9.560E+2	0.00000000E+0
9.570E+2	0.00000000E+0
9.580E+2	0.00000000E+0
9.590E+2	0.00000000E+0
9.600E+2	0.00000000E+0
9.610E+2	0.00000000E+0
9.620E+2	0.00000000E+0
9.630E+2	0.00000000E+0
9.640E+2	0.00000000E+0
9.650E+2	0.00000000E+0
9.660E+2	0.00000000E+0
9.670E+2	0.00000000E+0
9.680E+2	0.00000000E+0
9.690E+2	0.00000000E+0
9.700E+2	0.00000000E+0
9.710E+2	0.00000000E+0
9.720E+2	0.00000000E+0
9.730E+2	0.00000000E+0
9.740E+2	0.00000000E+0
9.750E+2	0.00000000E+0
9.760E+2	0.00000000E+0
9.770E+2	0.00000000E+0
9.780E+2	0.00000000E+0
9.790E+2	0.00000000E+0
9.800E+2	0.00000000E+0
9.810E+2	0.00000000E+0
9.820E+2	0.00000000E+0
9.830E+2	0.00000000E+0
9.840E+2	0.00000000E+0
9.850E+2	0.00000000E+0
9.860E+2	0.00000000E+0
9.870E+2	0.00000000E+0
9.880E+2	0.00000000E+0
9.890E+2	0.00000000E+0
9.900E+2	0.00000000E+0
9.910E+2	0.00000000E+0
9.920E+2	0.00000000E+0
9.930E+2	0.00000000E+0
9.940E+2	0.00000000E+0
9.950E+2	0.00000000E+0
9.960E+2	0.00000000E+0
9.970E+2	0.00000000E+0
9.980E+2	0.00000000E+0
9.990E+2	0.00000000E+0
1.000E+3	0.00000000E+0
1.001E+3	0.00000000E+0
1.002E+3	0.00000000E+0
1.003E+3	0.00000000E+0
1.004E+3	0.00000000E+0
1.005E+3	0.00000000E+0
1.006E+3	0.00000000E+0
1.007E+3	0.00000000E+0
1.008E+3	0.00000000E+0
1.009E+3	0.00000000E+0
1.010E+3	0.00000000E+0
1.011E+3	0.00000000E+0
1.012E+3	0.00000000E+0
1.013E+3	0.00000000E+0
1.014E+3	0.00000000E+0
1.015E+3	0.00000000E+0
1.016E+3	0.00000000E+0
1.017E+3	0.00000000E+0
1.018E+3	0.00000000E+0
1.019E+3	0.00000000E+0
